
step: 1
  Orbital energies (eV):
    Occupied:
      -45.66623 -45.55324 -45.17716 -45.00198 -44.5794  -44.24806 -44.2121
      -44.11802 -43.96941 -43.63237 -43.10496 -42.92471 -42.74405 -42.40457
      -41.75266 -41.59628 -41.17919 -41.01576 -40.70018 -40.62968 -40.13807
      -40.0975  -40.09339 -40.01833 -39.15152 -38.94997 -38.05876 -38.02024
      -37.77744 -37.65045 -37.52319 -37.45204 -36.673   -36.62867 -35.71916
      -35.71194 -35.057   -34.8589  -34.5823  -34.35206 -33.88557 -33.71072
      -33.43666 -33.30856 -31.66459 -31.64596 -31.24248 -31.20077 -31.1135
      -30.9603  -30.19505 -30.09672 -29.98853 -29.82454 -29.12687 -28.89012
      -28.19751 -27.89933 -27.58017 -27.54847 -27.24555 -27.17821 -26.83
      -26.6715  -26.21947 -26.167   -26.12588 -26.0621  -25.78664 -25.63942
      -25.5104  -25.3549  -24.97183 -24.90853 -24.82621 -24.70601 -24.52055
      -24.27415 -24.23903 -24.09394 -24.01844 -23.94977 -23.72247 -23.67878
      -23.04275 -22.95955 -22.84434 -22.66108 -22.30038 -22.26964 -22.19758
      -22.11151 -22.04028 -22.01802 -21.75702 -21.73057 -21.66119 -21.56181
      -21.48363 -21.4272  -21.23222 -21.22037 -21.15084 -21.0655  -20.81183
      -20.68711 -20.44833 -20.37051 -20.1864  -20.12274 -20.106   -20.06756
      -19.9883  -19.95704 -19.85461 -19.76983 -19.727   -19.60846 -19.56649
      -19.46195 -19.39199 -19.33948 -19.20069 -19.18611 -19.14505 -19.09205
      -19.04863 -18.97965 -18.90388 -18.85271 -18.75569 -18.70289 -18.5749
      -18.54305 -18.50226 -18.45681 -18.41626 -18.39699 -18.37763 -18.35351
      -18.27432 -18.2078  -18.18296 -18.11261 -18.04533 -18.04155 -17.99703
      -17.92553 -17.88363 -17.84832 -17.80142 -17.70792 -17.68541 -17.52911
      -17.47523 -17.46584 -17.39504 -17.36131 -17.3534  -17.27982 -17.25332
      -17.21693 -17.20665 -17.14004 -17.0995  -17.09196 -17.07715 -17.01782
      -16.76654 -16.7039  -16.66466 -16.59843 -16.55701 -16.51769 -16.43778
      -16.40837 -16.40626 -16.3602  -16.27883 -16.18548 -16.16154 -16.13957
      -16.11528 -16.05743 -16.03543 -16.01747 -15.91419 -15.88208 -15.80152
      -15.77405 -15.70493 -15.69499 -15.66929 -15.62924 -15.60224 -15.56452
      -15.53188 -15.52292 -15.5     -15.46016 -15.39259 -15.23174 -15.19119
      -15.18368 -15.16649 -15.09392 -15.08892 -15.0262  -14.85293 -14.81762
      -14.76844 -14.72113 -14.30832 -14.25089 -14.22056 -14.18066 -14.10344
      -14.07555 -14.05916 -14.02169 -13.87859 -13.83589 -13.74964 -13.7139
      -13.69742 -13.66123
    Virtual:
      -4.05772e+00 -4.01737e+00 -3.85722e+00 -3.82883e+00 -3.66940e+00
      -3.64927e+00 -3.36054e+00 -3.29802e+00 -3.20710e+00 -3.16128e+00
      -3.00842e+00 -2.94140e+00 -2.81265e+00 -2.79550e+00 -2.53148e+00
      -2.48331e+00 -2.43808e+00 -2.39854e+00 -2.32103e+00 -2.24613e+00
      -2.10160e+00 -2.05412e+00 -1.94051e+00 -1.88858e+00 -1.81488e+00
      -1.79826e+00 -1.70675e+00 -1.70529e+00 -1.63947e+00 -1.61142e+00
      -1.60307e+00 -1.57497e+00 -1.51283e+00 -1.49217e+00 -1.22275e+00
      -1.20241e+00 -1.07620e+00 -1.03427e+00 -9.76840e-01 -9.56500e-01
      -9.17420e-01 -8.85670e-01 -8.39690e-01 -8.35330e-01 -7.71050e-01
      -7.44190e-01 -7.19790e-01 -6.65720e-01 -6.61570e-01 -6.44740e-01
      -6.19120e-01 -5.47300e-01 -5.33190e-01 -4.80620e-01 -4.74860e-01
      -4.50030e-01 -4.33920e-01 -4.19830e-01 -3.95990e-01 -3.79570e-01
      -3.63210e-01 -3.15960e-01 -2.88500e-01 -2.84660e-01 -2.73230e-01
      -2.56590e-01 -2.23470e-01 -2.09890e-01 -2.06980e-01 -1.76540e-01
      -1.71480e-01 -1.56250e-01 -1.43790e-01 -1.34480e-01 -1.12770e-01
      -1.06540e-01 -7.10800e-02 -6.60000e-02 -3.51300e-02 -1.61800e-02
      -8.46000e-03  5.00000e-05  4.46600e-02  6.54700e-02  7.96900e-02
       9.88000e-02  1.04450e-01  1.43820e-01  1.71260e-01  1.89400e-01
       2.00370e-01  2.36090e-01  2.36400e-01  2.69610e-01  3.02650e-01
       3.31760e-01  3.44890e-01  3.67160e-01  3.74270e-01  3.82450e-01
       4.01890e-01  4.07210e-01  4.45730e-01  4.57680e-01  4.85100e-01
       5.10090e-01  5.18530e-01  5.44610e-01  5.73630e-01  6.07420e-01
       6.33500e-01  6.50290e-01  6.78380e-01  7.16460e-01  7.66400e-01
       7.82090e-01  7.88440e-01  7.95530e-01  8.22130e-01  8.36570e-01
       8.41810e-01  8.86600e-01  9.10460e-01  9.26330e-01  9.39640e-01
       9.64580e-01  9.80370e-01  1.01372e+00  1.04621e+00  1.05408e+00
       1.07568e+00  1.08375e+00  1.08490e+00  1.08923e+00  1.13096e+00
       1.14346e+00  1.15438e+00  1.17609e+00  1.17681e+00  1.21673e+00
       1.22152e+00  1.25011e+00  1.25962e+00  1.26110e+00  1.27305e+00
       1.29568e+00  1.30189e+00  1.30416e+00  1.31280e+00  1.31973e+00
       1.34053e+00  1.34313e+00  1.35674e+00  1.36510e+00  1.39894e+00
       1.44367e+00  1.45690e+00  1.47225e+00  1.47885e+00  1.52656e+00
       1.53879e+00  1.57255e+00  1.60285e+00  1.63777e+00  1.64345e+00
       1.69713e+00  1.70423e+00  1.71575e+00  1.71959e+00  1.75729e+00
       1.76566e+00  1.84340e+00  1.87816e+00  1.89490e+00  1.95095e+00
       1.95581e+00  1.97516e+00  2.04478e+00  2.05892e+00  2.07675e+00
       2.07753e+00  2.12429e+00  2.18212e+00  2.19332e+00  2.50667e+00
       2.54123e+00  2.57121e+00  2.60063e+00  2.62518e+00  2.65894e+00
       2.83931e+00  2.92099e+00  3.02545e+00  3.07554e+00  3.25161e+00
       3.30562e+00 
  dipole(x,y,z):  0.667597 -1.787316  1.241738 
  Electronic entropy contribution (eV): -0.0 
  Fermi occupancies:
    Occupied:
      1. 1. 1. 1. 1. 1. 1. 1. 1. 1. 1. 1. 1. 1. 1. 1. 1. 1. 1. 1. 1. 1. 1. 1.
      1. 1. 1. 1. 1. 1. 1. 1. 1. 1. 1. 1. 1. 1. 1. 1. 1. 1. 1. 1. 1. 1. 1. 1.
      1. 1. 1. 1. 1. 1. 1. 1. 1. 1. 1. 1. 1. 1. 1. 1. 1. 1. 1. 1. 1. 1. 1. 1.
      1. 1. 1. 1. 1. 1. 1. 1. 1. 1. 1. 1. 1. 1. 1. 1. 1. 1. 1. 1. 1. 1. 1. 1.
      1. 1. 1. 1. 1. 1. 1. 1. 1. 1. 1. 1. 1. 1. 1. 1. 1. 1. 1. 1. 1. 1. 1. 1.
      1. 1. 1. 1. 1. 1. 1. 1. 1. 1. 1. 1. 1. 1. 1. 1. 1. 1. 1. 1. 1. 1. 1. 1.
      1. 1. 1. 1. 1. 1. 1. 1. 1. 1. 1. 1. 1. 1. 1. 1. 1. 1. 1. 1. 1. 1. 1. 1.
      1. 1. 1. 1. 1. 1. 1. 1. 1. 1. 1. 1. 1. 1. 1. 1. 1. 1. 1. 1. 1. 1. 1. 1.
      1. 1. 1. 1. 1. 1. 1. 1. 1. 1. 1. 1. 1. 1. 1. 1. 1. 1. 1. 1. 1. 1. 1. 1.
      1. 1. 1. 1. 1. 1. 1. 1. 1. 1.
    Virtual:
      0. 0. 0. 0. 0. 0. 0. 0. 0. 0. 0. 0. 0. 0. 0. 0. 0. 0. 0. 0. 0. 0. 0. 0.
      0. 0. 0. 0. 0. 0. 0. 0. 0. 0. 0. 0. 0. 0. 0. 0. 0. 0. 0. 0. 0. 0. 0. 0.
      0. 0. 0. 0. 0. 0. 0. 0. 0. 0. 0. 0. 0. 0. 0. 0. 0. 0. 0. 0. 0. 0. 0. 0.
      0. 0. 0. 0. 0. 0. 0. 0. 0. 0. 0. 0. 0. 0. 0. 0. 0. 0. 0. 0. 0. 0. 0. 0.
      0. 0. 0. 0. 0. 0. 0. 0. 0. 0. 0. 0. 0. 0. 0. 0. 0. 0. 0. 0. 0. 0. 0. 0.
      0. 0. 0. 0. 0. 0. 0. 0. 0. 0. 0. 0. 0. 0. 0. 0. 0. 0. 0. 0. 0. 0. 0. 0.
      0. 0. 0. 0. 0. 0. 0. 0. 0. 0. 0. 0. 0. 0. 0. 0. 0. 0. 0. 0. 0. 0. 0. 0.
      0. 0. 0. 0. 0. 0. 0. 0. 0. 0. 0. 0. 0. 0. 0. 0. 0. 0. 0. 0. 0. 0. 0. 0.
      0. 0. 0. 0. 
  Rank-m Krylov subspace approximation error: 0.008671537660466766 

step: 2
  Orbital energies (eV):
    Occupied:
      -45.66371 -45.54951 -45.17665 -45.00449 -44.5689  -44.24788 -44.20923
      -44.11325 -43.95547 -43.62515 -43.10469 -42.9274  -42.73675 -42.3997
      -41.74829 -41.59288 -41.16929 -41.01503 -40.70166 -40.6204  -40.12879
      -40.08772 -40.08345 -40.02085 -39.15694 -38.94979 -38.05605 -38.00642
      -37.79309 -37.62047 -37.51814 -37.43031 -36.65899 -36.629   -35.72966
      -35.7075  -35.05586 -34.85734 -34.58468 -34.35656 -33.88427 -33.71125
      -33.43196 -33.30385 -31.66898 -31.63505 -31.23391 -31.20016 -31.12661
      -30.94882 -30.19029 -30.08467 -29.985   -29.81924 -29.12222 -28.88472
      -28.19372 -27.89505 -27.57625 -27.54479 -27.24059 -27.16846 -26.82233
      -26.6658  -26.21231 -26.16434 -26.1184  -26.05407 -25.78592 -25.63829
      -25.51439 -25.36021 -24.9812  -24.89996 -24.82311 -24.6953  -24.52755
      -24.28163 -24.23715 -24.09154 -24.02791 -23.93371 -23.72522 -23.68061
      -23.04384 -22.95854 -22.84067 -22.66124 -22.29424 -22.26551 -22.19264
      -22.10387 -22.04339 -22.01569 -21.75711 -21.72516 -21.65748 -21.55748
      -21.48259 -21.42772 -21.23118 -21.21717 -21.14978 -21.06521 -20.81424
      -20.68045 -20.44448 -20.36603 -20.18461 -20.1215  -20.1051  -20.06518
      -19.9873  -19.9523  -19.85516 -19.76536 -19.72745 -19.60328 -19.56461
      -19.45684 -19.39395 -19.33523 -19.19415 -19.18321 -19.13944 -19.09104
      -19.04152 -18.97942 -18.90468 -18.8514  -18.75919 -18.70293 -18.57269
      -18.54285 -18.50074 -18.4514  -18.42232 -18.3951  -18.37694 -18.35254
      -18.26761 -18.20538 -18.18002 -18.10413 -18.03805 -18.03406 -17.99227
      -17.92037 -17.88194 -17.84347 -17.80109 -17.70233 -17.68565 -17.5343
      -17.47693 -17.45609 -17.39064 -17.3583  -17.3465  -17.27721 -17.25094
      -17.21578 -17.20235 -17.12545 -17.1023  -17.08713 -17.07583 -17.00866
      -16.76343 -16.70447 -16.6641  -16.6057  -16.55709 -16.50793 -16.44237
      -16.40601 -16.40294 -16.35969 -16.28136 -16.17322 -16.17006 -16.1339
      -16.12218 -16.0491  -16.02041 -16.01899 -15.91213 -15.87854 -15.7929
      -15.76689 -15.70288 -15.69273 -15.66875 -15.62415 -15.59768 -15.56038
      -15.53045 -15.51489 -15.49692 -15.45366 -15.38768 -15.22647 -15.18536
      -15.17584 -15.15676 -15.09238 -15.08571 -15.01759 -14.85997 -14.81948
      -14.77031 -14.73567 -14.31121 -14.24725 -14.21565 -14.17591 -14.10683
      -14.07377 -14.06148 -14.02243 -13.87314 -13.83819 -13.74985 -13.71393
      -13.7008  -13.65509
    Virtual:
      -4.05912e+00 -4.01150e+00 -3.85122e+00 -3.83056e+00 -3.66446e+00
      -3.65088e+00 -3.35918e+00 -3.29680e+00 -3.20207e+00 -3.15917e+00
      -3.01382e+00 -2.93935e+00 -2.81085e+00 -2.79801e+00 -2.52861e+00
      -2.48226e+00 -2.43908e+00 -2.39958e+00 -2.32445e+00 -2.24362e+00
      -2.10135e+00 -2.05498e+00 -1.93920e+00 -1.88792e+00 -1.82229e+00
      -1.79468e+00 -1.70130e+00 -1.69818e+00 -1.63764e+00 -1.60909e+00
      -1.60451e+00 -1.57242e+00 -1.51158e+00 -1.49683e+00 -1.22738e+00
      -1.18956e+00 -1.07377e+00 -1.03795e+00 -9.74100e-01 -9.54180e-01
      -9.17820e-01 -8.77330e-01 -8.39290e-01 -8.24840e-01 -7.74980e-01
      -7.42060e-01 -7.15770e-01 -6.67290e-01 -6.58170e-01 -6.44550e-01
      -6.18730e-01 -5.50160e-01 -5.29390e-01 -4.73600e-01 -4.70040e-01
      -4.45420e-01 -4.34360e-01 -4.16680e-01 -3.97210e-01 -3.81920e-01
      -3.60260e-01 -3.17080e-01 -2.88490e-01 -2.82370e-01 -2.74910e-01
      -2.56980e-01 -2.21380e-01 -2.11900e-01 -2.03760e-01 -1.79680e-01
      -1.73360e-01 -1.57130e-01 -1.42130e-01 -1.35970e-01 -1.11610e-01
      -1.01540e-01 -7.17400e-02 -6.22200e-02 -3.12700e-02 -2.75400e-02
      -7.96000e-03 -3.98000e-03  4.89400e-02  6.25300e-02  8.25200e-02
       9.57300e-02  1.07900e-01  1.55010e-01  1.68180e-01  1.96740e-01
       2.07500e-01  2.37950e-01  2.40280e-01  2.68550e-01  3.03290e-01
       3.33730e-01  3.50840e-01  3.69600e-01  3.72940e-01  3.83470e-01
       4.06240e-01  4.10560e-01  4.42290e-01  4.48160e-01  4.80260e-01
       5.08860e-01  5.17240e-01  5.42450e-01  5.68370e-01  6.07070e-01
       6.29670e-01  6.54670e-01  6.69700e-01  7.23350e-01  7.71660e-01
       7.79580e-01  7.87540e-01  7.93770e-01  8.17110e-01  8.31430e-01
       8.40040e-01  8.98420e-01  9.06470e-01  9.26900e-01  9.38620e-01
       9.63290e-01  9.81420e-01  1.01114e+00  1.04671e+00  1.05152e+00
       1.05625e+00  1.07168e+00  1.08022e+00  1.09584e+00  1.12692e+00
       1.13395e+00  1.17188e+00  1.17287e+00  1.17738e+00  1.21980e+00
       1.22959e+00  1.25467e+00  1.26041e+00  1.26225e+00  1.27475e+00
       1.30106e+00  1.30253e+00  1.30360e+00  1.30936e+00  1.31809e+00
       1.34388e+00  1.34774e+00  1.35477e+00  1.36756e+00  1.40034e+00
       1.44001e+00  1.45963e+00  1.47127e+00  1.47518e+00  1.52927e+00
       1.53347e+00  1.57383e+00  1.59752e+00  1.63748e+00  1.64618e+00
       1.69710e+00  1.70374e+00  1.70811e+00  1.71952e+00  1.76044e+00
       1.76143e+00  1.84762e+00  1.86936e+00  1.89319e+00  1.95349e+00
       1.96371e+00  1.98246e+00  2.05591e+00  2.06413e+00  2.07749e+00
       2.08316e+00  2.12444e+00  2.19304e+00  2.20509e+00  2.51044e+00
       2.54095e+00  2.56813e+00  2.59997e+00  2.62809e+00  2.65904e+00
       2.83532e+00  2.91959e+00  3.02975e+00  3.07976e+00  3.25470e+00
       3.30295e+00 
  dipole(x,y,z):  0.669909 -1.786203  1.229866 
  Electronic entropy contribution (eV): -0.0 
  Fermi occupancies:
    Occupied:
      1. 1. 1. 1. 1. 1. 1. 1. 1. 1. 1. 1. 1. 1. 1. 1. 1. 1. 1. 1. 1. 1. 1. 1.
      1. 1. 1. 1. 1. 1. 1. 1. 1. 1. 1. 1. 1. 1. 1. 1. 1. 1. 1. 1. 1. 1. 1. 1.
      1. 1. 1. 1. 1. 1. 1. 1. 1. 1. 1. 1. 1. 1. 1. 1. 1. 1. 1. 1. 1. 1. 1. 1.
      1. 1. 1. 1. 1. 1. 1. 1. 1. 1. 1. 1. 1. 1. 1. 1. 1. 1. 1. 1. 1. 1. 1. 1.
      1. 1. 1. 1. 1. 1. 1. 1. 1. 1. 1. 1. 1. 1. 1. 1. 1. 1. 1. 1. 1. 1. 1. 1.
      1. 1. 1. 1. 1. 1. 1. 1. 1. 1. 1. 1. 1. 1. 1. 1. 1. 1. 1. 1. 1. 1. 1. 1.
      1. 1. 1. 1. 1. 1. 1. 1. 1. 1. 1. 1. 1. 1. 1. 1. 1. 1. 1. 1. 1. 1. 1. 1.
      1. 1. 1. 1. 1. 1. 1. 1. 1. 1. 1. 1. 1. 1. 1. 1. 1. 1. 1. 1. 1. 1. 1. 1.
      1. 1. 1. 1. 1. 1. 1. 1. 1. 1. 1. 1. 1. 1. 1. 1. 1. 1. 1. 1. 1. 1. 1. 1.
      1. 1. 1. 1. 1. 1. 1. 1. 1. 1.
    Virtual:
      0. 0. 0. 0. 0. 0. 0. 0. 0. 0. 0. 0. 0. 0. 0. 0. 0. 0. 0. 0. 0. 0. 0. 0.
      0. 0. 0. 0. 0. 0. 0. 0. 0. 0. 0. 0. 0. 0. 0. 0. 0. 0. 0. 0. 0. 0. 0. 0.
      0. 0. 0. 0. 0. 0. 0. 0. 0. 0. 0. 0. 0. 0. 0. 0. 0. 0. 0. 0. 0. 0. 0. 0.
      0. 0. 0. 0. 0. 0. 0. 0. 0. 0. 0. 0. 0. 0. 0. 0. 0. 0. 0. 0. 0. 0. 0. 0.
      0. 0. 0. 0. 0. 0. 0. 0. 0. 0. 0. 0. 0. 0. 0. 0. 0. 0. 0. 0. 0. 0. 0. 0.
      0. 0. 0. 0. 0. 0. 0. 0. 0. 0. 0. 0. 0. 0. 0. 0. 0. 0. 0. 0. 0. 0. 0. 0.
      0. 0. 0. 0. 0. 0. 0. 0. 0. 0. 0. 0. 0. 0. 0. 0. 0. 0. 0. 0. 0. 0. 0. 0.
      0. 0. 0. 0. 0. 0. 0. 0. 0. 0. 0. 0. 0. 0. 0. 0. 0. 0. 0. 0. 0. 0. 0. 0.
      0. 0. 0. 0. 
  Rank-m Krylov subspace approximation error: 0.0073245004208790584 

step: 3
  Orbital energies (eV):
    Occupied:
      -45.66072 -45.54751 -45.17697 -45.00815 -44.55894 -44.24799 -44.2087
      -44.1091  -43.94057 -43.61744 -43.10491 -42.93148 -42.73007 -42.39579
      -41.74381 -41.58976 -41.15857 -41.01486 -40.70469 -40.61181 -40.1195
      -40.0789  -40.0696  -40.0255  -39.16443 -38.95005 -38.05478 -37.99162
      -37.80802 -37.58952 -37.51277 -37.41067 -36.64183 -36.63134 -35.7466
      -35.69635 -35.05441 -34.85703 -34.58679 -34.36098 -33.88356 -33.71224
      -33.42667 -33.3003  -31.67336 -31.62398 -31.22573 -31.20002 -31.13974
      -30.93683 -30.18476 -30.07346 -29.98172 -29.81293 -29.11739 -28.87927
      -28.18989 -27.89066 -27.5759  -27.53693 -27.23692 -27.15777 -26.814
      -26.66039 -26.20532 -26.16197 -26.11025 -26.04611 -25.78677 -25.63764
      -25.51924 -25.367   -24.98996 -24.89279 -24.82129 -24.6837  -24.53391
      -24.28925 -24.23546 -24.09173 -24.03741 -23.91765 -23.72573 -23.68017
      -23.04693 -22.95739 -22.83596 -22.66259 -22.28863 -22.26119 -22.18823
      -22.09496 -22.04565 -22.01408 -21.75752 -21.72096 -21.65339 -21.55397
      -21.48093 -21.42876 -21.23    -21.21389 -21.14899 -21.06584 -20.81688
      -20.67421 -20.44023 -20.36239 -20.18201 -20.12002 -20.10429 -20.0637
      -19.98723 -19.94757 -19.85584 -19.76116 -19.72885 -19.59812 -19.56309
      -19.45202 -19.39597 -19.33082 -19.18746 -19.18002 -19.13386 -19.08993
      -19.03401 -18.98011 -18.90683 -18.85004 -18.76381 -18.70301 -18.57031
      -18.54356 -18.50034 -18.44668 -18.42857 -18.39325 -18.37867 -18.35091
      -18.25949 -18.20308 -18.17765 -18.0958  -18.03375 -18.02329 -17.98665
      -17.9157  -17.87964 -17.83847 -17.8008  -17.69749 -17.68559 -17.53947
      -17.47891 -17.44596 -17.38699 -17.35478 -17.33854 -17.27504 -17.24947
      -17.21524 -17.19816 -17.11112 -17.10716 -17.08073 -17.07203 -16.99997
      -16.76085 -16.70618 -16.66523 -16.612   -16.56066 -16.49432 -16.44741
      -16.4037  -16.39644 -16.36072 -16.28301 -16.1781  -16.15964 -16.12895
      -16.12692 -16.0441  -16.01952 -16.001   -15.91123 -15.87558 -15.78512
      -15.76109 -15.70269 -15.69021 -15.66841 -15.62013 -15.59287 -15.55932
      -15.52805 -15.50866 -15.49303 -15.44427 -15.38134 -15.22096 -15.17913
      -15.16809 -15.14713 -15.08939 -15.08346 -15.00815 -14.86704 -14.82033
      -14.77367 -14.75025 -14.31428 -14.24582 -14.21073 -14.17203 -14.11043
      -14.07409 -14.06355 -14.02346 -13.86662 -13.84189 -13.74961 -13.71205
      -13.70683 -13.64918
    Virtual:
      -4.05971 -4.00557 -3.84373 -3.83317 -3.65921 -3.65188 -3.35749 -3.29799
      -3.19555 -3.15911 -3.01951 -2.93945 -2.80876 -2.80039 -2.52481 -2.48332
      -2.44088 -2.40091 -2.32867 -2.24278 -2.10191 -2.05774 -1.9391  -1.88834
      -1.83227 -1.79044 -1.69577 -1.68921 -1.63526 -1.60751 -1.60467 -1.57047
      -1.51081 -1.50108 -1.23061 -1.17707 -1.0707  -1.0437  -0.97426 -0.95346
      -0.9152  -0.86883 -0.83833 -0.81424 -0.78085 -0.73932 -0.71188 -0.67865
      -0.65192 -0.64403 -0.61843 -0.55137 -0.52592 -0.46901 -0.46521 -0.44316
      -0.43474 -0.4109  -0.39832 -0.38586 -0.35819 -0.31924 -0.29001 -0.27964
      -0.27546 -0.25772 -0.2207  -0.21519 -0.19978 -0.18273 -0.17649 -0.15996
      -0.14113 -0.13964 -0.11085 -0.09507 -0.07303 -0.05971 -0.037   -0.02975
      -0.00888 -0.00413  0.05315  0.05925  0.08716  0.09138  0.10843  0.16375
       0.16872  0.20478  0.21502  0.24103  0.24317  0.26703  0.30337  0.3351
       0.35544  0.36218  0.37339  0.38958  0.40963  0.4148   0.43378  0.44693
       0.47583  0.50743  0.51644  0.53978  0.56274  0.60557  0.62377  0.65848
       0.66002  0.73309  0.77454  0.7777   0.78769  0.79137  0.81236  0.82757
       0.83875  0.90147  0.90954  0.92737  0.93738  0.96008  0.98096  1.00683
       1.02226  1.0468   1.05652  1.06557  1.07372  1.10243  1.11083  1.13642
       1.16855  1.17293  1.1929   1.22283  1.23939  1.25633  1.26216  1.26361
       1.27755  1.3006   1.30192  1.30601  1.30877  1.31641  1.34599  1.35228
       1.35447  1.37138  1.40179  1.43549  1.46016  1.46883  1.46964  1.5245
       1.53378  1.57755  1.59159  1.63739  1.64861  1.69443  1.6969   1.70921
       1.7206   1.75835  1.7632   1.85017  1.85865  1.89115  1.95595  1.97206
       1.98984  2.05861  2.07405  2.08478  2.09042  2.12209  2.20451  2.21752
       2.51769  2.53951  2.56248  2.59637  2.6317   2.65771  2.82946  2.91592
       3.03507  3.08416  3.25891  3.29859 
  dipole(x,y,z):  0.672929 -1.784232  1.217483 
  Electronic entropy contribution (eV): -0.0 
  Fermi occupancies:
    Occupied:
      1. 1. 1. 1. 1. 1. 1. 1. 1. 1. 1. 1. 1. 1. 1. 1. 1. 1. 1. 1. 1. 1. 1. 1.
      1. 1. 1. 1. 1. 1. 1. 1. 1. 1. 1. 1. 1. 1. 1. 1. 1. 1. 1. 1. 1. 1. 1. 1.
      1. 1. 1. 1. 1. 1. 1. 1. 1. 1. 1. 1. 1. 1. 1. 1. 1. 1. 1. 1. 1. 1. 1. 1.
      1. 1. 1. 1. 1. 1. 1. 1. 1. 1. 1. 1. 1. 1. 1. 1. 1. 1. 1. 1. 1. 1. 1. 1.
      1. 1. 1. 1. 1. 1. 1. 1. 1. 1. 1. 1. 1. 1. 1. 1. 1. 1. 1. 1. 1. 1. 1. 1.
      1. 1. 1. 1. 1. 1. 1. 1. 1. 1. 1. 1. 1. 1. 1. 1. 1. 1. 1. 1. 1. 1. 1. 1.
      1. 1. 1. 1. 1. 1. 1. 1. 1. 1. 1. 1. 1. 1. 1. 1. 1. 1. 1. 1. 1. 1. 1. 1.
      1. 1. 1. 1. 1. 1. 1. 1. 1. 1. 1. 1. 1. 1. 1. 1. 1. 1. 1. 1. 1. 1. 1. 1.
      1. 1. 1. 1. 1. 1. 1. 1. 1. 1. 1. 1. 1. 1. 1. 1. 1. 1. 1. 1. 1. 1. 1. 1.
      1. 1. 1. 1. 1. 1. 1. 1. 1. 1.
    Virtual:
      0. 0. 0. 0. 0. 0. 0. 0. 0. 0. 0. 0. 0. 0. 0. 0. 0. 0. 0. 0. 0. 0. 0. 0.
      0. 0. 0. 0. 0. 0. 0. 0. 0. 0. 0. 0. 0. 0. 0. 0. 0. 0. 0. 0. 0. 0. 0. 0.
      0. 0. 0. 0. 0. 0. 0. 0. 0. 0. 0. 0. 0. 0. 0. 0. 0. 0. 0. 0. 0. 0. 0. 0.
      0. 0. 0. 0. 0. 0. 0. 0. 0. 0. 0. 0. 0. 0. 0. 0. 0. 0. 0. 0. 0. 0. 0. 0.
      0. 0. 0. 0. 0. 0. 0. 0. 0. 0. 0. 0. 0. 0. 0. 0. 0. 0. 0. 0. 0. 0. 0. 0.
      0. 0. 0. 0. 0. 0. 0. 0. 0. 0. 0. 0. 0. 0. 0. 0. 0. 0. 0. 0. 0. 0. 0. 0.
      0. 0. 0. 0. 0. 0. 0. 0. 0. 0. 0. 0. 0. 0. 0. 0. 0. 0. 0. 0. 0. 0. 0. 0.
      0. 0. 0. 0. 0. 0. 0. 0. 0. 0. 0. 0. 0. 0. 0. 0. 0. 0. 0. 0. 0. 0. 0. 0.
      0. 0. 0. 0. 
  Rank-m Krylov subspace approximation error: 0.009147439433219563 

step: 4
  Orbital energies (eV):
    Occupied:
      -45.65831 -45.54526 -45.178   -45.01169 -44.55078 -44.2487  -44.21008
      -44.10489 -43.92828 -43.61144 -43.1058  -42.9343  -42.72517 -42.39231
      -41.74059 -41.58727 -41.14981 -41.01423 -40.70616 -40.60519 -40.11221
      -40.07149 -40.05828 -40.02723 -39.16949 -38.95168 -38.05591 -37.97845
      -37.818   -37.56362 -37.50624 -37.39319 -36.63207 -36.62806 -35.76292
      -35.68608 -35.0535  -34.85679 -34.58856 -34.36474 -33.88417 -33.71347
      -33.4226  -33.29783 -31.67474 -31.61644 -31.22048 -31.1969  -31.15247
      -30.92775 -30.17966 -30.06299 -29.97914 -29.80624 -29.11263 -28.87408
      -28.18624 -27.88654 -27.57696 -27.52845 -27.23364 -27.14712 -26.80556
      -26.65518 -26.19849 -26.15999 -26.10176 -26.03849 -25.78778 -25.63697
      -25.52328 -25.37253 -24.996   -24.88708 -24.81901 -24.67323 -24.54002
      -24.29661 -24.23449 -24.09391 -24.04669 -23.90292 -23.72781 -23.68351
      -23.04924 -22.95697 -22.83229 -22.66272 -22.28455 -22.25785 -22.18545
      -22.08693 -22.04666 -22.01256 -21.75742 -21.71675 -21.64954 -21.55034
      -21.47933 -21.42841 -21.22994 -21.21075 -21.14797 -21.06578 -20.81833
      -20.66903 -20.43721 -20.35879 -20.17997 -20.11891 -20.10373 -20.06162
      -19.98651 -19.94342 -19.85651 -19.75812 -19.72954 -19.59427 -19.56169
      -19.44769 -19.39832 -19.32737 -19.18184 -19.17627 -19.13035 -19.08895
      -19.0285  -18.9804  -18.90779 -18.84835 -18.76747 -18.70294 -18.56905
      -18.54375 -18.50015 -18.44283 -18.43272 -18.39146 -18.37818 -18.34867
      -18.25187 -18.20073 -18.17504 -18.0891  -18.03036 -18.01436 -17.98225
      -17.91205 -17.87668 -17.83436 -17.80081 -17.69532 -17.6833  -17.54399
      -17.48062 -17.43627 -17.38433 -17.35023 -17.33326 -17.27431 -17.24788
      -17.2159  -17.19375 -17.11444 -17.09875 -17.07441 -17.06722 -16.99182
      -16.75799 -16.70891 -16.66637 -16.61681 -16.56169 -16.48074 -16.44966
      -16.40155 -16.39196 -16.36139 -16.28324 -16.18453 -16.15149 -16.12774
      -16.12358 -16.04147 -16.01409 -15.98558 -15.91016 -15.87467 -15.77871
      -15.75639 -15.70168 -15.68679 -15.66679 -15.6148  -15.58876 -15.55819
      -15.52626 -15.50334 -15.48974 -15.43292 -15.37616 -15.21726 -15.17575
      -15.16245 -15.13845 -15.08617 -15.07956 -15.00087 -14.87315 -14.82173
      -14.77629 -14.76301 -14.3165  -14.24472 -14.20643 -14.16797 -14.11376
      -14.07426 -14.06566 -14.02316 -13.86166 -13.84434 -13.74891 -13.71208
      -13.70773 -13.64632
    Virtual:
      -4.06062e+00 -3.99914e+00 -3.83740e+00 -3.83371e+00 -3.65559e+00
      -3.65086e+00 -3.35740e+00 -3.29718e+00 -3.19054e+00 -3.15634e+00
      -3.02575e+00 -2.93856e+00 -2.81058e+00 -2.80286e+00 -2.52186e+00
      -2.48302e+00 -2.44246e+00 -2.40165e+00 -2.33138e+00 -2.24327e+00
      -2.10261e+00 -2.06107e+00 -1.93945e+00 -1.89015e+00 -1.84498e+00
      -1.78507e+00 -1.68955e+00 -1.68151e+00 -1.63133e+00 -1.61000e+00
      -1.60207e+00 -1.56732e+00 -1.51049e+00 -1.50447e+00 -1.23523e+00
      -1.16455e+00 -1.06876e+00 -1.04798e+00 -9.74940e-01 -9.55350e-01
      -9.10310e-01 -8.58910e-01 -8.34640e-01 -8.08490e-01 -7.83910e-01
      -7.36000e-01 -7.07980e-01 -6.92030e-01 -6.49670e-01 -6.44260e-01
      -6.17960e-01 -5.50230e-01 -5.23570e-01 -4.66640e-01 -4.60420e-01
      -4.45670e-01 -4.32060e-01 -4.06840e-01 -3.97050e-01 -3.90420e-01
      -3.57450e-01 -3.20490e-01 -2.91140e-01 -2.79010e-01 -2.75390e-01
      -2.57860e-01 -2.21260e-01 -2.18650e-01 -1.98460e-01 -1.85990e-01
      -1.78790e-01 -1.62460e-01 -1.46280e-01 -1.39980e-01 -1.10670e-01
      -9.04200e-02 -7.47000e-02 -5.78000e-02 -4.36900e-02 -3.41800e-02
      -7.48000e-03 -3.32000e-03  5.67000e-02  5.89900e-02  8.45800e-02
       9.29100e-02  1.06990e-01  1.57220e-01  1.80710e-01  2.11340e-01
       2.22370e-01  2.43360e-01  2.47340e-01  2.66390e-01  3.02110e-01
       3.36800e-01  3.53740e-01  3.57980e-01  3.70690e-01  3.95340e-01
       4.13430e-01  4.16020e-01  4.27910e-01  4.46270e-01  4.72710e-01
       5.04490e-01  5.16430e-01  5.35520e-01  5.56220e-01  6.04420e-01
       6.13700e-01  6.51480e-01  6.60840e-01  7.42380e-01  7.73700e-01
       7.79300e-01  7.87120e-01  7.89450e-01  8.08630e-01  8.23510e-01
       8.37400e-01  8.97950e-01  9.21890e-01  9.22420e-01  9.33780e-01
       9.56160e-01  9.81840e-01  9.98800e-01  9.99360e-01  1.04423e+00
       1.05364e+00  1.05835e+00  1.06705e+00  1.09326e+00  1.10755e+00
       1.13993e+00  1.16373e+00  1.17035e+00  1.20687e+00  1.22439e+00
       1.24645e+00  1.25894e+00  1.26199e+00  1.26613e+00  1.27919e+00
       1.30013e+00  1.30203e+00  1.30501e+00  1.30971e+00  1.31444e+00
       1.34589e+00  1.35364e+00  1.35764e+00  1.37429e+00  1.40494e+00
       1.43297e+00  1.45663e+00  1.46486e+00  1.46554e+00  1.51653e+00
       1.53594e+00  1.58114e+00  1.58835e+00  1.63710e+00  1.64967e+00
       1.68503e+00  1.69931e+00  1.71185e+00  1.72135e+00  1.75550e+00
       1.76749e+00  1.84514e+00  1.85887e+00  1.88750e+00  1.95764e+00
       1.97682e+00  1.99753e+00  2.05862e+00  2.07548e+00  2.09669e+00
       2.10052e+00  2.12250e+00  2.21380e+00  2.22950e+00  2.51973e+00
       2.53992e+00  2.56038e+00  2.59503e+00  2.63350e+00  2.65950e+00
       2.82719e+00  2.91295e+00  3.03684e+00  3.08557e+00  3.26217e+00
       3.29650e+00 
  dipole(x,y,z):  0.677535 -1.781996  1.208204 
  Electronic entropy contribution (eV): -0.0 
  Fermi occupancies:
    Occupied:
      1. 1. 1. 1. 1. 1. 1. 1. 1. 1. 1. 1. 1. 1. 1. 1. 1. 1. 1. 1. 1. 1. 1. 1.
      1. 1. 1. 1. 1. 1. 1. 1. 1. 1. 1. 1. 1. 1. 1. 1. 1. 1. 1. 1. 1. 1. 1. 1.
      1. 1. 1. 1. 1. 1. 1. 1. 1. 1. 1. 1. 1. 1. 1. 1. 1. 1. 1. 1. 1. 1. 1. 1.
      1. 1. 1. 1. 1. 1. 1. 1. 1. 1. 1. 1. 1. 1. 1. 1. 1. 1. 1. 1. 1. 1. 1. 1.
      1. 1. 1. 1. 1. 1. 1. 1. 1. 1. 1. 1. 1. 1. 1. 1. 1. 1. 1. 1. 1. 1. 1. 1.
      1. 1. 1. 1. 1. 1. 1. 1. 1. 1. 1. 1. 1. 1. 1. 1. 1. 1. 1. 1. 1. 1. 1. 1.
      1. 1. 1. 1. 1. 1. 1. 1. 1. 1. 1. 1. 1. 1. 1. 1. 1. 1. 1. 1. 1. 1. 1. 1.
      1. 1. 1. 1. 1. 1. 1. 1. 1. 1. 1. 1. 1. 1. 1. 1. 1. 1. 1. 1. 1. 1. 1. 1.
      1. 1. 1. 1. 1. 1. 1. 1. 1. 1. 1. 1. 1. 1. 1. 1. 1. 1. 1. 1. 1. 1. 1. 1.
      1. 1. 1. 1. 1. 1. 1. 1. 1. 1.
    Virtual:
      0. 0. 0. 0. 0. 0. 0. 0. 0. 0. 0. 0. 0. 0. 0. 0. 0. 0. 0. 0. 0. 0. 0. 0.
      0. 0. 0. 0. 0. 0. 0. 0. 0. 0. 0. 0. 0. 0. 0. 0. 0. 0. 0. 0. 0. 0. 0. 0.
      0. 0. 0. 0. 0. 0. 0. 0. 0. 0. 0. 0. 0. 0. 0. 0. 0. 0. 0. 0. 0. 0. 0. 0.
      0. 0. 0. 0. 0. 0. 0. 0. 0. 0. 0. 0. 0. 0. 0. 0. 0. 0. 0. 0. 0. 0. 0. 0.
      0. 0. 0. 0. 0. 0. 0. 0. 0. 0. 0. 0. 0. 0. 0. 0. 0. 0. 0. 0. 0. 0. 0. 0.
      0. 0. 0. 0. 0. 0. 0. 0. 0. 0. 0. 0. 0. 0. 0. 0. 0. 0. 0. 0. 0. 0. 0. 0.
      0. 0. 0. 0. 0. 0. 0. 0. 0. 0. 0. 0. 0. 0. 0. 0. 0. 0. 0. 0. 0. 0. 0. 0.
      0. 0. 0. 0. 0. 0. 0. 0. 0. 0. 0. 0. 0. 0. 0. 0. 0. 0. 0. 0. 0. 0. 0. 0.
      0. 0. 0. 0. 
  Rank-m Krylov subspace approximation error: 0.006172307954702093 

step: 5
  Orbital energies (eV):
    Occupied:
      -45.65684 -45.54043 -45.17919 -45.01415 -44.54312 -44.24971 -44.2108
      -44.09927 -43.91682 -43.6061  -43.10647 -42.93506 -42.72028 -42.38815
      -41.73724 -41.58434 -41.14239 -41.01218 -40.70651 -40.59835 -40.10625
      -40.065   -40.04831 -40.02324 -39.16993 -38.95445 -38.05756 -37.96754
      -37.82571 -37.53743 -37.49995 -37.37511 -36.62953 -36.61834 -35.77894
      -35.67625 -35.05289 -34.8544  -34.59043 -34.36784 -33.8847  -33.71369
      -33.41916 -33.29421 -31.67534 -31.60953 -31.21532 -31.19189 -31.16356
      -30.91806 -30.17567 -30.05221 -29.97691 -29.79931 -29.10733 -28.86826
      -28.18239 -27.88226 -27.57829 -27.52053 -27.22997 -27.13683 -26.79784
      -26.64997 -26.19235 -26.15724 -26.09459 -26.03042 -25.78851 -25.63553
      -25.52626 -25.3753  -25.00165 -24.87923 -24.81651 -24.66288 -24.54527
      -24.30485 -24.23162 -24.0968  -24.05684 -23.89026 -23.72887 -23.68875
      -23.04872 -22.95697 -22.82984 -22.66043 -22.28021 -22.25532 -22.18332
      -22.08137 -22.04626 -22.00952 -21.75681 -21.71154 -21.64562 -21.54552
      -21.4779  -21.42665 -21.22989 -21.20773 -21.1459  -21.06398 -20.81925
      -20.66344 -20.43598 -20.3547  -20.17895 -20.11822 -20.10208 -20.05839
      -19.98438 -19.93959 -19.85707 -19.75487 -19.7284  -19.59113 -19.55978
      -19.44331 -19.40101 -19.3246  -19.17702 -19.17205 -19.12827 -19.08739
      -19.02384 -18.97929 -18.90711 -18.84696 -18.76854 -18.70325 -18.56874
      -18.54235 -18.49928 -18.43965 -18.43492 -18.38869 -18.37495 -18.34631
      -18.24535 -18.1972  -18.17051 -18.08276 -18.02737 -18.00593 -17.97952
      -17.90789 -17.8732  -17.83076 -17.80051 -17.69389 -17.68023 -17.5488
      -17.48319 -17.42608 -17.3807  -17.34511 -17.32863 -17.27313 -17.24581
      -17.21542 -17.1894  -17.11644 -17.09398 -17.06794 -17.0617  -16.98227
      -16.755   -16.71148 -16.66726 -16.61953 -16.56033 -16.46928 -16.4497
      -16.40136 -16.38739 -16.35972 -16.28128 -16.1893  -16.15148 -16.12317
      -16.11827 -16.03931 -16.00595 -15.97276 -15.90805 -15.87388 -15.7724
      -15.75126 -15.69949 -15.68184 -15.66424 -15.6073  -15.58548 -15.55409
      -15.52571 -15.49622 -15.48687 -15.41982 -15.37078 -15.21517 -15.17253
      -15.1586  -15.12997 -15.0797  -15.07508 -14.99334 -14.87766 -14.82453
      -14.78211 -14.76901 -14.31833 -14.23975 -14.20225 -14.16299 -14.11679
      -14.0711  -14.06772 -14.02178 -13.85873 -13.84448 -13.74913 -13.71221
      -13.70657 -13.6431 
    Virtual:
      -4.06219e+00 -3.99307e+00 -3.83298e+00 -3.83288e+00 -3.65346e+00
      -3.65021e+00 -3.35974e+00 -3.29203e+00 -3.18677e+00 -3.14956e+00
      -3.03297e+00 -2.93391e+00 -2.81497e+00 -2.80518e+00 -2.52160e+00
      -2.48024e+00 -2.44384e+00 -2.40211e+00 -2.33274e+00 -2.24207e+00
      -2.10321e+00 -2.06232e+00 -1.93932e+00 -1.89333e+00 -1.85740e+00
      -1.78137e+00 -1.68540e+00 -1.67508e+00 -1.62846e+00 -1.61181e+00
      -1.60050e+00 -1.56372e+00 -1.51088e+00 -1.50906e+00 -1.24078e+00
      -1.15475e+00 -1.06962e+00 -1.04971e+00 -9.75160e-01 -9.58120e-01
      -9.05490e-01 -8.49650e-01 -8.30660e-01 -8.08890e-01 -7.80830e-01
      -7.33690e-01 -7.09470e-01 -6.97420e-01 -6.51350e-01 -6.44600e-01
      -6.15620e-01 -5.49090e-01 -5.21530e-01 -4.64790e-01 -4.58000e-01
      -4.47790e-01 -4.29300e-01 -4.03900e-01 -3.96200e-01 -3.92810e-01
      -3.57310e-01 -3.21560e-01 -2.91590e-01 -2.80820e-01 -2.74610e-01
      -2.57410e-01 -2.23650e-01 -2.18240e-01 -2.01110e-01 -1.89700e-01
      -1.80260e-01 -1.64480e-01 -1.51250e-01 -1.40970e-01 -1.11270e-01
      -8.96600e-02 -7.59500e-02 -5.57100e-02 -4.66500e-02 -4.22600e-02
      -6.05000e-03 -2.54000e-03  5.58500e-02  6.39500e-02  7.90900e-02
       9.71300e-02  1.06050e-01  1.50240e-01  1.90620e-01  2.16040e-01
       2.30610e-01  2.44030e-01  2.52550e-01  2.66750e-01  3.01100e-01
       3.40990e-01  3.46260e-01  3.58250e-01  3.68320e-01  3.94800e-01
       4.15480e-01  4.18130e-01  4.25620e-01  4.45100e-01  4.70440e-01
       5.01710e-01  5.18080e-01  5.31160e-01  5.50110e-01  6.02170e-01
       6.04330e-01  6.44270e-01  6.60940e-01  7.48570e-01  7.71310e-01
       7.83560e-01  7.85360e-01  7.88600e-01  8.06670e-01  8.18950e-01
       8.37690e-01  8.94210e-01  9.08710e-01  9.29100e-01  9.34430e-01
       9.54770e-01  9.81130e-01  9.83980e-01  9.94100e-01  1.03892e+00
       1.04703e+00  1.05401e+00  1.06319e+00  1.07783e+00  1.11052e+00
       1.14328e+00  1.15909e+00  1.16742e+00  1.21606e+00  1.22450e+00
       1.24968e+00  1.26221e+00  1.26436e+00  1.26807e+00  1.27943e+00
       1.30069e+00  1.30158e+00  1.30521e+00  1.30853e+00  1.31371e+00
       1.34433e+00  1.35369e+00  1.36315e+00  1.37589e+00  1.40872e+00
       1.43197e+00  1.45079e+00  1.46088e+00  1.46150e+00  1.50908e+00
       1.53974e+00  1.58273e+00  1.58975e+00  1.63645e+00  1.65081e+00
       1.67929e+00  1.70455e+00  1.71490e+00  1.72126e+00  1.75371e+00
       1.77282e+00  1.84039e+00  1.86401e+00  1.88351e+00  1.95915e+00
       1.98093e+00  2.00506e+00  2.05673e+00  2.07341e+00  2.10303e+00
       2.11680e+00  2.12716e+00  2.22178e+00  2.24355e+00  2.51432e+00
       2.54170e+00  2.56142e+00  2.59845e+00  2.63585e+00  2.66496e+00
       2.82709e+00  2.91411e+00  3.03558e+00  3.08564e+00  3.26392e+00
       3.29601e+00 
  dipole(x,y,z):  0.681804 -1.780089  1.201762 
  Electronic entropy contribution (eV): -0.0 
  Fermi occupancies:
    Occupied:
      1. 1. 1. 1. 1. 1. 1. 1. 1. 1. 1. 1. 1. 1. 1. 1. 1. 1. 1. 1. 1. 1. 1. 1.
      1. 1. 1. 1. 1. 1. 1. 1. 1. 1. 1. 1. 1. 1. 1. 1. 1. 1. 1. 1. 1. 1. 1. 1.
      1. 1. 1. 1. 1. 1. 1. 1. 1. 1. 1. 1. 1. 1. 1. 1. 1. 1. 1. 1. 1. 1. 1. 1.
      1. 1. 1. 1. 1. 1. 1. 1. 1. 1. 1. 1. 1. 1. 1. 1. 1. 1. 1. 1. 1. 1. 1. 1.
      1. 1. 1. 1. 1. 1. 1. 1. 1. 1. 1. 1. 1. 1. 1. 1. 1. 1. 1. 1. 1. 1. 1. 1.
      1. 1. 1. 1. 1. 1. 1. 1. 1. 1. 1. 1. 1. 1. 1. 1. 1. 1. 1. 1. 1. 1. 1. 1.
      1. 1. 1. 1. 1. 1. 1. 1. 1. 1. 1. 1. 1. 1. 1. 1. 1. 1. 1. 1. 1. 1. 1. 1.
      1. 1. 1. 1. 1. 1. 1. 1. 1. 1. 1. 1. 1. 1. 1. 1. 1. 1. 1. 1. 1. 1. 1. 1.
      1. 1. 1. 1. 1. 1. 1. 1. 1. 1. 1. 1. 1. 1. 1. 1. 1. 1. 1. 1. 1. 1. 1. 1.
      1. 1. 1. 1. 1. 1. 1. 1. 1. 1.
    Virtual:
      0. 0. 0. 0. 0. 0. 0. 0. 0. 0. 0. 0. 0. 0. 0. 0. 0. 0. 0. 0. 0. 0. 0. 0.
      0. 0. 0. 0. 0. 0. 0. 0. 0. 0. 0. 0. 0. 0. 0. 0. 0. 0. 0. 0. 0. 0. 0. 0.
      0. 0. 0. 0. 0. 0. 0. 0. 0. 0. 0. 0. 0. 0. 0. 0. 0. 0. 0. 0. 0. 0. 0. 0.
      0. 0. 0. 0. 0. 0. 0. 0. 0. 0. 0. 0. 0. 0. 0. 0. 0. 0. 0. 0. 0. 0. 0. 0.
      0. 0. 0. 0. 0. 0. 0. 0. 0. 0. 0. 0. 0. 0. 0. 0. 0. 0. 0. 0. 0. 0. 0. 0.
      0. 0. 0. 0. 0. 0. 0. 0. 0. 0. 0. 0. 0. 0. 0. 0. 0. 0. 0. 0. 0. 0. 0. 0.
      0. 0. 0. 0. 0. 0. 0. 0. 0. 0. 0. 0. 0. 0. 0. 0. 0. 0. 0. 0. 0. 0. 0. 0.
      0. 0. 0. 0. 0. 0. 0. 0. 0. 0. 0. 0. 0. 0. 0. 0. 0. 0. 0. 0. 0. 0. 0. 0.
      0. 0. 0. 0. 
  Rank-m Krylov subspace approximation error: 0.013358919409731244 

step: 6
  Orbital energies (eV):
    Occupied:
      -45.65559 -45.53488 -45.18043 -45.01613 -44.53567 -44.25107 -44.21241
      -44.09289 -43.90389 -43.60051 -43.1073  -42.93567 -42.71417 -42.38275
      -41.733   -41.58023 -41.13413 -41.0087  -40.70721 -40.5914  -40.09994
      -40.05733 -40.0362  -40.0172  -39.16804 -38.95686 -38.05827 -37.95864
      -37.83476 -37.50994 -37.49289 -37.35643 -36.62673 -36.60853 -35.79659
      -35.6661  -35.05161 -34.85106 -34.59216 -34.37031 -33.88512 -33.714
      -33.41544 -33.28948 -31.67749 -31.60097 -31.21112 -31.18648 -31.17219
      -30.90728 -30.17261 -30.04169 -29.97487 -29.79208 -29.10145 -28.86189
      -28.17828 -27.87799 -27.57884 -27.51138 -27.22559 -27.12612 -26.7901
      -26.64466 -26.18645 -26.15423 -26.0879  -26.02182 -25.78855 -25.63288
      -25.52868 -25.37594 -25.00807 -24.8704  -24.8145  -24.65127 -24.54977
      -24.31368 -24.22806 -24.09968 -24.06657 -23.87808 -23.72951 -23.69335
      -23.04693 -22.95613 -22.82697 -22.65765 -22.27481 -22.25233 -22.18081
      -22.0785  -22.04362 -22.00532 -21.75609 -21.70592 -21.64111 -21.53979
      -21.47592 -21.42484 -21.22868 -21.20453 -21.14327 -21.06154 -20.82048
      -20.65658 -20.43507 -20.3499  -20.17729 -20.11752 -20.09873 -20.05555
      -19.98167 -19.93515 -19.85707 -19.75031 -19.72616 -19.58728 -19.55682
      -19.43824 -19.40319 -19.32065 -19.17196 -19.16831 -19.12596 -19.0842
      -19.0182  -18.97703 -18.90598 -18.84552 -18.76818 -18.70354 -18.56837
      -18.54018 -18.49807 -18.4399  -18.43363 -18.3854  -18.37051 -18.34342
      -18.23855 -18.19287 -18.16498 -18.07631 -18.02391 -17.99673 -17.97637
      -17.90285 -17.86901 -17.82645 -17.79972 -17.69221 -17.67708 -17.55381
      -17.4857  -17.41552 -17.37595 -17.34123 -17.32259 -17.27067 -17.24365
      -17.21421 -17.18503 -17.11738 -17.09098 -17.05992 -17.05434 -16.97179
      -16.75121 -16.71279 -16.66842 -16.62004 -16.55905 -16.45874 -16.44825
      -16.40159 -16.38183 -16.35748 -16.27814 -16.19235 -16.15526 -16.11455
      -16.11387 -16.03691 -15.99652 -15.9596  -15.90512 -15.87225 -15.76523
      -15.74616 -15.69724 -15.67643 -15.66094 -15.5994  -15.58189 -15.5488
      -15.52479 -15.48898 -15.48336 -15.40394 -15.36311 -15.21133 -15.16612
      -15.1551  -15.11994 -15.0703  -15.06886 -14.98349 -14.88185 -14.82666
      -14.79249 -14.76787 -14.32026 -14.23158 -14.19736 -14.15728 -14.11946
      -14.0696  -14.06539 -14.02211 -13.85554 -13.84397 -13.75037 -13.71245
      -13.70561 -13.63561
    Virtual:
      -4.06350e+00 -3.98801e+00 -3.83238e+00 -3.82848e+00 -3.65334e+00
      -3.64949e+00 -3.36255e+00 -3.28592e+00 -3.18251e+00 -3.14239e+00
      -3.04040e+00 -2.92747e+00 -2.81820e+00 -2.80468e+00 -2.52204e+00
      -2.47696e+00 -2.44485e+00 -2.40176e+00 -2.33334e+00 -2.23720e+00
      -2.10339e+00 -2.06098e+00 -1.93869e+00 -1.89811e+00 -1.86468e+00
      -1.77991e+00 -1.68341e+00 -1.66784e+00 -1.62626e+00 -1.61130e+00
      -1.59889e+00 -1.56079e+00 -1.51601e+00 -1.51037e+00 -1.24439e+00
      -1.14643e+00 -1.07125e+00 -1.05052e+00 -9.76050e-01 -9.59500e-01
      -8.99050e-01 -8.42150e-01 -8.27310e-01 -8.13190e-01 -7.73380e-01
      -7.31340e-01 -7.17560e-01 -6.92670e-01 -6.53020e-01 -6.43050e-01
      -6.11510e-01 -5.47700e-01 -5.18670e-01 -4.64700e-01 -4.58860e-01
      -4.45130e-01 -4.25840e-01 -3.99340e-01 -3.97960e-01 -3.90350e-01
      -3.57930e-01 -3.23970e-01 -2.93050e-01 -2.82960e-01 -2.71740e-01
      -2.56230e-01 -2.24260e-01 -2.16730e-01 -2.06680e-01 -1.92690e-01
      -1.81590e-01 -1.67700e-01 -1.55810e-01 -1.40030e-01 -1.10240e-01
      -9.07900e-02 -7.45600e-02 -5.42100e-02 -5.02100e-02 -4.63300e-02
      -6.07000e-03 -1.98000e-03  5.31000e-02  6.82300e-02  7.67000e-02
       1.01090e-01  1.06170e-01  1.46210e-01  2.01850e-01  2.20300e-01
       2.39240e-01  2.44620e-01  2.57490e-01  2.67810e-01  3.01380e-01
       3.41150e-01  3.43670e-01  3.57870e-01  3.67240e-01  3.90930e-01
       4.16250e-01  4.22890e-01  4.25730e-01  4.44990e-01  4.68440e-01
       5.01010e-01  5.22520e-01  5.29090e-01  5.45900e-01  5.93380e-01
       6.03840e-01  6.37790e-01  6.60510e-01  7.52970e-01  7.70080e-01
       7.83850e-01  7.87940e-01  7.88350e-01  8.05530e-01  8.14330e-01
       8.41090e-01  8.81420e-01  8.97890e-01  9.25880e-01  9.43670e-01
       9.56900e-01  9.71350e-01  9.86080e-01  9.92820e-01  1.03143e+00
       1.03848e+00  1.05445e+00  1.06177e+00  1.06451e+00  1.11324e+00
       1.14730e+00  1.15542e+00  1.16609e+00  1.22156e+00  1.22472e+00
       1.25084e+00  1.26316e+00  1.26704e+00  1.27499e+00  1.27999e+00
       1.30088e+00  1.30136e+00  1.30673e+00  1.30830e+00  1.31491e+00
       1.34344e+00  1.35530e+00  1.36798e+00  1.37755e+00  1.41198e+00
       1.43029e+00  1.44407e+00  1.45763e+00  1.45907e+00  1.50223e+00
       1.54663e+00  1.58044e+00  1.59710e+00  1.63740e+00  1.65413e+00
       1.67760e+00  1.70905e+00  1.71902e+00  1.72104e+00  1.75373e+00
       1.77754e+00  1.83517e+00  1.87076e+00  1.88028e+00  1.96231e+00
       1.99006e+00  2.01312e+00  2.05508e+00  2.07100e+00  2.10957e+00
       2.13175e+00  2.13523e+00  2.22974e+00  2.26024e+00  2.50963e+00
       2.54148e+00  2.56256e+00  2.60314e+00  2.63948e+00  2.67133e+00
       2.82524e+00  2.91879e+00  3.03725e+00  3.08819e+00  3.26618e+00
       3.29657e+00 
  dipole(x,y,z):  0.685548 -1.77971   1.194039 
  Electronic entropy contribution (eV): -0.0 
  Fermi occupancies:
    Occupied:
      1. 1. 1. 1. 1. 1. 1. 1. 1. 1. 1. 1. 1. 1. 1. 1. 1. 1. 1. 1. 1. 1. 1. 1.
      1. 1. 1. 1. 1. 1. 1. 1. 1. 1. 1. 1. 1. 1. 1. 1. 1. 1. 1. 1. 1. 1. 1. 1.
      1. 1. 1. 1. 1. 1. 1. 1. 1. 1. 1. 1. 1. 1. 1. 1. 1. 1. 1. 1. 1. 1. 1. 1.
      1. 1. 1. 1. 1. 1. 1. 1. 1. 1. 1. 1. 1. 1. 1. 1. 1. 1. 1. 1. 1. 1. 1. 1.
      1. 1. 1. 1. 1. 1. 1. 1. 1. 1. 1. 1. 1. 1. 1. 1. 1. 1. 1. 1. 1. 1. 1. 1.
      1. 1. 1. 1. 1. 1. 1. 1. 1. 1. 1. 1. 1. 1. 1. 1. 1. 1. 1. 1. 1. 1. 1. 1.
      1. 1. 1. 1. 1. 1. 1. 1. 1. 1. 1. 1. 1. 1. 1. 1. 1. 1. 1. 1. 1. 1. 1. 1.
      1. 1. 1. 1. 1. 1. 1. 1. 1. 1. 1. 1. 1. 1. 1. 1. 1. 1. 1. 1. 1. 1. 1. 1.
      1. 1. 1. 1. 1. 1. 1. 1. 1. 1. 1. 1. 1. 1. 1. 1. 1. 1. 1. 1. 1. 1. 1. 1.
      1. 1. 1. 1. 1. 1. 1. 1. 1. 1.
    Virtual:
      0. 0. 0. 0. 0. 0. 0. 0. 0. 0. 0. 0. 0. 0. 0. 0. 0. 0. 0. 0. 0. 0. 0. 0.
      0. 0. 0. 0. 0. 0. 0. 0. 0. 0. 0. 0. 0. 0. 0. 0. 0. 0. 0. 0. 0. 0. 0. 0.
      0. 0. 0. 0. 0. 0. 0. 0. 0. 0. 0. 0. 0. 0. 0. 0. 0. 0. 0. 0. 0. 0. 0. 0.
      0. 0. 0. 0. 0. 0. 0. 0. 0. 0. 0. 0. 0. 0. 0. 0. 0. 0. 0. 0. 0. 0. 0. 0.
      0. 0. 0. 0. 0. 0. 0. 0. 0. 0. 0. 0. 0. 0. 0. 0. 0. 0. 0. 0. 0. 0. 0. 0.
      0. 0. 0. 0. 0. 0. 0. 0. 0. 0. 0. 0. 0. 0. 0. 0. 0. 0. 0. 0. 0. 0. 0. 0.
      0. 0. 0. 0. 0. 0. 0. 0. 0. 0. 0. 0. 0. 0. 0. 0. 0. 0. 0. 0. 0. 0. 0. 0.
      0. 0. 0. 0. 0. 0. 0. 0. 0. 0. 0. 0. 0. 0. 0. 0. 0. 0. 0. 0. 0. 0. 0. 0.
      0. 0. 0. 0. 
  Rank-m Krylov subspace approximation error: 0.007810991300799442 

step: 7
  Orbital energies (eV):
    Occupied:
      -45.65375 -45.53184 -45.18195 -45.01952 -44.52844 -44.25282 -44.21544
      -44.08696 -43.88957 -43.59405 -43.10805 -42.93775 -42.70751 -42.37733
      -41.72864 -41.57623 -41.12468 -41.00481 -40.7079  -40.58533 -40.09271
      -40.04815 -40.02461 -40.0093  -39.16703 -38.95789 -38.05938 -37.95128
      -37.84351 -37.49445 -37.47248 -37.33862 -36.62694 -36.59564 -35.81391
      -35.65595 -35.04951 -34.84884 -34.59427 -34.37315 -33.88576 -33.71462
      -33.4111  -33.28517 -31.67974 -31.5933  -31.2099  -31.18144 -31.1769
      -30.89755 -30.16865 -30.03218 -29.97285 -29.78443 -29.09512 -28.8551
      -28.17381 -27.87331 -27.58012 -27.50115 -27.22185 -27.1157  -26.78284
      -26.64047 -26.18051 -26.152   -26.08155 -26.0147  -25.78874 -25.6303
      -25.53123 -25.377   -25.01441 -24.86224 -24.81326 -24.64017 -24.55273
      -24.32157 -24.22535 -24.10269 -24.07547 -23.86402 -23.72933 -23.69581
      -23.04635 -22.95434 -22.82238 -22.65683 -22.26921 -22.24858 -22.178
      -22.07753 -22.03771 -22.00163 -21.75569 -21.70122 -21.63641 -21.53494
      -21.47327 -21.42368 -21.22676 -21.20103 -21.14109 -21.06037 -20.82211
      -20.64944 -20.43296 -20.346   -20.17414 -20.11651 -20.09552 -20.05416
      -19.97989 -19.93041 -19.85663 -19.74553 -19.72432 -19.58278 -19.55397
      -19.43336 -19.40438 -19.31551 -19.16637 -19.16486 -19.12281 -19.08019
      -19.01164 -18.97512 -18.90596 -18.8434  -18.76918 -18.70363 -18.56747
      -18.53866 -18.49788 -18.44365 -18.43096 -18.38429 -18.36526 -18.34011
      -18.23034 -18.18847 -18.15982 -18.07069 -18.01978 -17.9875  -17.97172
      -17.89813 -17.86409 -17.82149 -17.79905 -17.69136 -17.67339 -17.55809
      -17.48636 -17.40589 -17.37177 -17.33746 -17.31625 -17.26798 -17.2415
      -17.21353 -17.18062 -17.11932 -17.08796 -17.04809 -17.04607 -16.96192
      -16.74796 -16.71404 -16.67069 -16.61936 -16.56002 -16.4557  -16.4402
      -16.39868 -16.37601 -16.35684 -16.27398 -16.19318 -16.15936 -16.11201
      -16.10185 -16.03487 -15.98688 -15.94471 -15.9017  -15.87066 -15.75711
      -15.74251 -15.6956  -15.67291 -15.65703 -15.59331 -15.57732 -15.54523
      -15.5228  -15.48435 -15.47961 -15.38697 -15.35303 -15.20494 -15.15786
      -15.15082 -15.10927 -15.06584 -15.05596 -14.97223 -14.8856  -14.82707
      -14.80268 -14.76666 -14.32212 -14.22454 -14.19199 -14.15272 -14.12147
      -14.07139 -14.06104 -14.02381 -13.85036 -13.84504 -13.75121 -13.71564
      -13.70256 -13.62551
    Virtual:
      -4.06406e+00 -3.98340e+00 -3.83379e+00 -3.82269e+00 -3.65462e+00
      -3.64618e+00 -3.36283e+00 -3.28281e+00 -3.17586e+00 -3.13853e+00
      -3.04608e+00 -2.92255e+00 -2.81993e+00 -2.80069e+00 -2.51998e+00
      -2.47590e+00 -2.44645e+00 -2.40104e+00 -2.33448e+00 -2.23193e+00
      -2.10342e+00 -2.06063e+00 -1.93943e+00 -1.90503e+00 -1.86691e+00
      -1.77823e+00 -1.68202e+00 -1.65923e+00 -1.62406e+00 -1.60983e+00
      -1.59613e+00 -1.55924e+00 -1.52080e+00 -1.50986e+00 -1.24408e+00
      -1.13920e+00 -1.07031e+00 -1.05258e+00 -9.77210e-01 -9.60640e-01
      -8.90600e-01 -8.37000e-01 -8.23440e-01 -8.20560e-01 -7.63680e-01
      -7.29290e-01 -7.27530e-01 -6.87760e-01 -6.54390e-01 -6.41460e-01
      -6.07720e-01 -5.45770e-01 -5.14780e-01 -4.67620e-01 -4.59760e-01
      -4.41400e-01 -4.20770e-01 -4.00830e-01 -3.92630e-01 -3.85470e-01
      -3.59730e-01 -3.27480e-01 -2.96140e-01 -2.83290e-01 -2.66940e-01
      -2.54890e-01 -2.23680e-01 -2.16840e-01 -2.14080e-01 -1.92780e-01
      -1.83720e-01 -1.73540e-01 -1.61020e-01 -1.36570e-01 -1.07200e-01
      -8.95500e-02 -7.25700e-02 -5.66800e-02 -5.44800e-02 -4.42800e-02
      -7.71000e-03  2.40000e-04  4.96800e-02  6.91900e-02  7.74400e-02
       1.05500e-01  1.06620e-01  1.44580e-01  2.15660e-01  2.27180e-01
       2.46230e-01  2.47130e-01  2.60890e-01  2.68540e-01  3.03540e-01
       3.37270e-01  3.43960e-01  3.57160e-01  3.68100e-01  3.87600e-01
       4.17630e-01  4.26020e-01  4.26610e-01  4.46990e-01  4.68700e-01
       5.01540e-01  5.26280e-01  5.29100e-01  5.43100e-01  5.85460e-01
       6.03000e-01  6.30250e-01  6.61430e-01  7.59560e-01  7.69800e-01
       7.83410e-01  7.87550e-01  7.90860e-01  8.04610e-01  8.10700e-01
       8.46350e-01  8.63970e-01  8.92850e-01  9.24130e-01  9.48820e-01
       9.59710e-01  9.69660e-01  9.86120e-01  9.91080e-01  1.02431e+00
       1.03036e+00  1.05082e+00  1.05589e+00  1.06307e+00  1.11506e+00
       1.15055e+00  1.15305e+00  1.16728e+00  1.22611e+00  1.22851e+00
       1.24983e+00  1.26478e+00  1.26976e+00  1.28086e+00  1.28283e+00
       1.30133e+00  1.30171e+00  1.30884e+00  1.31060e+00  1.31820e+00
       1.34345e+00  1.35771e+00  1.37150e+00  1.38058e+00  1.41427e+00
       1.42693e+00  1.43570e+00  1.45241e+00  1.46037e+00  1.49614e+00
       1.55585e+00  1.57555e+00  1.60659e+00  1.63967e+00  1.65894e+00
       1.67875e+00  1.71128e+00  1.72160e+00  1.72345e+00  1.75548e+00
       1.78051e+00  1.82724e+00  1.87668e+00  1.87810e+00  1.96604e+00
       2.00083e+00  2.01955e+00  2.05557e+00  2.07119e+00  2.11576e+00
       2.13415e+00  2.15265e+00  2.23839e+00  2.27634e+00  2.51329e+00
       2.53910e+00  2.56205e+00  2.60442e+00  2.64318e+00  2.67483e+00
       2.82163e+00  2.92182e+00  3.04343e+00  3.09402e+00  3.26910e+00
       3.29627e+00 
  dipole(x,y,z):  0.688106 -1.780072  1.183034 
  Electronic entropy contribution (eV): -0.0 
  Fermi occupancies:
    Occupied:
      1. 1. 1. 1. 1. 1. 1. 1. 1. 1. 1. 1. 1. 1. 1. 1. 1. 1. 1. 1. 1. 1. 1. 1.
      1. 1. 1. 1. 1. 1. 1. 1. 1. 1. 1. 1. 1. 1. 1. 1. 1. 1. 1. 1. 1. 1. 1. 1.
      1. 1. 1. 1. 1. 1. 1. 1. 1. 1. 1. 1. 1. 1. 1. 1. 1. 1. 1. 1. 1. 1. 1. 1.
      1. 1. 1. 1. 1. 1. 1. 1. 1. 1. 1. 1. 1. 1. 1. 1. 1. 1. 1. 1. 1. 1. 1. 1.
      1. 1. 1. 1. 1. 1. 1. 1. 1. 1. 1. 1. 1. 1. 1. 1. 1. 1. 1. 1. 1. 1. 1. 1.
      1. 1. 1. 1. 1. 1. 1. 1. 1. 1. 1. 1. 1. 1. 1. 1. 1. 1. 1. 1. 1. 1. 1. 1.
      1. 1. 1. 1. 1. 1. 1. 1. 1. 1. 1. 1. 1. 1. 1. 1. 1. 1. 1. 1. 1. 1. 1. 1.
      1. 1. 1. 1. 1. 1. 1. 1. 1. 1. 1. 1. 1. 1. 1. 1. 1. 1. 1. 1. 1. 1. 1. 1.
      1. 1. 1. 1. 1. 1. 1. 1. 1. 1. 1. 1. 1. 1. 1. 1. 1. 1. 1. 1. 1. 1. 1. 1.
      1. 1. 1. 1. 1. 1. 1. 1. 1. 1.
    Virtual:
      0. 0. 0. 0. 0. 0. 0. 0. 0. 0. 0. 0. 0. 0. 0. 0. 0. 0. 0. 0. 0. 0. 0. 0.
      0. 0. 0. 0. 0. 0. 0. 0. 0. 0. 0. 0. 0. 0. 0. 0. 0. 0. 0. 0. 0. 0. 0. 0.
      0. 0. 0. 0. 0. 0. 0. 0. 0. 0. 0. 0. 0. 0. 0. 0. 0. 0. 0. 0. 0. 0. 0. 0.
      0. 0. 0. 0. 0. 0. 0. 0. 0. 0. 0. 0. 0. 0. 0. 0. 0. 0. 0. 0. 0. 0. 0. 0.
      0. 0. 0. 0. 0. 0. 0. 0. 0. 0. 0. 0. 0. 0. 0. 0. 0. 0. 0. 0. 0. 0. 0. 0.
      0. 0. 0. 0. 0. 0. 0. 0. 0. 0. 0. 0. 0. 0. 0. 0. 0. 0. 0. 0. 0. 0. 0. 0.
      0. 0. 0. 0. 0. 0. 0. 0. 0. 0. 0. 0. 0. 0. 0. 0. 0. 0. 0. 0. 0. 0. 0. 0.
      0. 0. 0. 0. 0. 0. 0. 0. 0. 0. 0. 0. 0. 0. 0. 0. 0. 0. 0. 0. 0. 0. 0. 0.
      0. 0. 0. 0. 
  Rank-m Krylov subspace approximation error: 0.0062390145474555455 

step: 8
  Orbital energies (eV):
    Occupied:
      -45.65114 -45.53178 -45.18324 -45.02367 -44.52228 -44.25361 -44.21882
      -44.0823  -43.87637 -43.58732 -43.10753 -42.93962 -42.70201 -42.37272
      -41.72523 -41.57282 -41.11636 -41.00264 -40.70933 -40.58125 -40.08609
      -40.04154 -40.02079 -39.9976  -39.16923 -38.95869 -38.06041 -37.94552
      -37.84852 -37.48978 -37.44757 -37.3238  -36.6315  -36.5805  -35.83084
      -35.64478 -35.04719 -34.84895 -34.5955  -34.37553 -33.8867  -33.71536
      -33.40658 -33.28329 -31.68031 -31.58928 -31.21264 -31.18115 -31.17602
      -30.88989 -30.16396 -30.02507 -29.97167 -29.77755 -29.09013 -28.84987
      -28.1701  -27.86907 -27.5812  -27.49131 -27.21963 -27.10608 -26.77593
      -26.6377  -26.17495 -26.1512  -26.07428 -26.01043 -25.79025 -25.6294
      -25.53373 -25.37984 -25.01953 -24.85794 -24.81229 -24.63275 -24.55568
      -24.32804 -24.22552 -24.10772 -24.08224 -23.84758 -23.72798 -23.69656
      -23.04831 -22.95275 -22.8174  -22.65831 -22.26535 -22.24588 -22.17608
      -22.07724 -22.02967 -22.00022 -21.75553 -21.69872 -21.63235 -21.53205
      -21.47048 -21.42316 -21.22517 -21.19796 -21.13975 -21.06105 -20.82347
      -20.6444  -20.42995 -20.34405 -20.16995 -20.11553 -20.09407 -20.05442
      -19.97984 -19.92643 -19.85689 -19.74262 -19.72381 -19.57911 -19.55269
      -19.43017 -19.40594 -19.31143 -19.16232 -19.16094 -19.11967 -19.07756
      -19.00621 -18.97492 -18.90729 -18.84057 -18.7721  -18.70298 -18.56702
      -18.53777 -18.49861 -18.44863 -18.42925 -18.3863  -18.35851 -18.33716
      -18.22141 -18.18539 -18.15689 -18.0669  -18.01655 -17.97994 -17.96654
      -17.89518 -17.85858 -17.81738 -17.79863 -17.69213 -17.66868 -17.56108
      -17.48422 -17.39936 -17.36989 -17.33394 -17.31125 -17.26733 -17.23945
      -17.21499 -17.17706 -17.12307 -17.08402 -17.04056 -17.03426 -16.9551
      -16.74674 -16.71754 -16.67428 -16.61877 -16.56167 -16.45693 -16.4291
      -16.39308 -16.37128 -16.35811 -16.26964 -16.19351 -16.16281 -16.11227
      -16.08802 -16.0328  -15.97937 -15.93079 -15.89889 -15.87064 -15.75088
      -15.74035 -15.69545 -15.67066 -15.65262 -15.59005 -15.57309 -15.54494
      -15.52009 -15.48357 -15.4764  -15.37176 -15.34242 -15.19964 -15.15356
      -15.14778 -15.0996  -15.06197 -15.04426 -14.96373 -14.88879 -14.8257
      -14.81407 -14.76681 -14.32425 -14.22335 -14.18727 -14.1502  -14.12258
      -14.07253 -14.06125 -14.02642 -13.8483  -13.84389 -13.75016 -13.72137
      -13.69685 -13.61931
    Virtual:
      -4.06438e+00 -3.98011e+00 -3.83575e+00 -3.81622e+00 -3.65581e+00
      -3.64325e+00 -3.36241e+00 -3.28448e+00 -3.16875e+00 -3.13795e+00
      -3.05185e+00 -2.92276e+00 -2.82386e+00 -2.79766e+00 -2.51549e+00
      -2.47754e+00 -2.44905e+00 -2.40037e+00 -2.33661e+00 -2.23203e+00
      -2.10381e+00 -2.06461e+00 -1.94430e+00 -1.91372e+00 -1.86844e+00
      -1.77535e+00 -1.68009e+00 -1.65187e+00 -1.62085e+00 -1.60908e+00
      -1.59278e+00 -1.55899e+00 -1.52444e+00 -1.51119e+00 -1.24326e+00
      -1.13214e+00 -1.06802e+00 -1.05729e+00 -9.79660e-01 -9.62670e-01
      -8.81740e-01 -8.34160e-01 -8.27660e-01 -8.17920e-01 -7.54230e-01
      -7.44170e-01 -7.24670e-01 -6.84480e-01 -6.56570e-01 -6.43900e-01
      -6.05890e-01 -5.42980e-01 -5.11800e-01 -4.70880e-01 -4.63410e-01
      -4.38120e-01 -4.15690e-01 -4.06880e-01 -3.86990e-01 -3.80040e-01
      -3.62050e-01 -3.30680e-01 -2.99060e-01 -2.84060e-01 -2.62950e-01
      -2.55470e-01 -2.25800e-01 -2.21680e-01 -2.19130e-01 -1.91040e-01
      -1.87320e-01 -1.80980e-01 -1.67160e-01 -1.34210e-01 -1.05530e-01
      -8.76000e-02 -7.15100e-02 -6.13500e-02 -5.72100e-02 -4.31500e-02
      -9.72000e-03  4.00000e-03  4.75600e-02  6.51000e-02  7.92400e-02
       1.04810e-01  1.11580e-01  1.41950e-01  2.27460e-01  2.34380e-01
       2.49510e-01  2.53250e-01  2.63050e-01  2.67390e-01  3.06090e-01
       3.31750e-01  3.43120e-01  3.56620e-01  3.69960e-01  3.85590e-01
       4.16780e-01  4.25590e-01  4.26600e-01  4.48790e-01  4.73090e-01
       5.00350e-01  5.26240e-01  5.28670e-01  5.38980e-01  5.75310e-01
       6.01250e-01  6.21140e-01  6.63860e-01  7.64480e-01  7.69900e-01
       7.83660e-01  7.88580e-01  7.90510e-01  8.02600e-01  8.08050e-01
       8.47850e-01  8.49980e-01  8.88680e-01  9.22780e-01  9.47230e-01
       9.62580e-01  9.72380e-01  9.82070e-01  9.84510e-01  1.01664e+00
       1.02266e+00  1.03820e+00  1.05466e+00  1.06429e+00  1.11450e+00
       1.14779e+00  1.15657e+00  1.17017e+00  1.22609e+00  1.23487e+00
       1.24798e+00  1.26521e+00  1.27124e+00  1.28329e+00  1.28584e+00
       1.30139e+00  1.30293e+00  1.30839e+00  1.31099e+00  1.32646e+00
       1.34456e+00  1.35781e+00  1.37281e+00  1.38454e+00  1.41635e+00
       1.42310e+00  1.42645e+00  1.44646e+00  1.46091e+00  1.49028e+00
       1.56408e+00  1.57151e+00  1.61448e+00  1.64085e+00  1.66222e+00
       1.68036e+00  1.71404e+00  1.72294e+00  1.72660e+00  1.75804e+00
       1.78224e+00  1.81916e+00  1.87579e+00  1.88248e+00  1.96890e+00
       2.00504e+00  2.02608e+00  2.05626e+00  2.07343e+00  2.11908e+00
       2.13514e+00  2.16904e+00  2.24581e+00  2.28763e+00  2.51925e+00
       2.53678e+00  2.55803e+00  2.60144e+00  2.64493e+00  2.67615e+00
       2.81750e+00  2.91881e+00  3.04801e+00  3.09744e+00  3.27332e+00
       3.29443e+00 
  dipole(x,y,z):  0.689838 -1.779918  1.171718 
  Electronic entropy contribution (eV): -0.0 
  Fermi occupancies:
    Occupied:
      1. 1. 1. 1. 1. 1. 1. 1. 1. 1. 1. 1. 1. 1. 1. 1. 1. 1. 1. 1. 1. 1. 1. 1.
      1. 1. 1. 1. 1. 1. 1. 1. 1. 1. 1. 1. 1. 1. 1. 1. 1. 1. 1. 1. 1. 1. 1. 1.
      1. 1. 1. 1. 1. 1. 1. 1. 1. 1. 1. 1. 1. 1. 1. 1. 1. 1. 1. 1. 1. 1. 1. 1.
      1. 1. 1. 1. 1. 1. 1. 1. 1. 1. 1. 1. 1. 1. 1. 1. 1. 1. 1. 1. 1. 1. 1. 1.
      1. 1. 1. 1. 1. 1. 1. 1. 1. 1. 1. 1. 1. 1. 1. 1. 1. 1. 1. 1. 1. 1. 1. 1.
      1. 1. 1. 1. 1. 1. 1. 1. 1. 1. 1. 1. 1. 1. 1. 1. 1. 1. 1. 1. 1. 1. 1. 1.
      1. 1. 1. 1. 1. 1. 1. 1. 1. 1. 1. 1. 1. 1. 1. 1. 1. 1. 1. 1. 1. 1. 1. 1.
      1. 1. 1. 1. 1. 1. 1. 1. 1. 1. 1. 1. 1. 1. 1. 1. 1. 1. 1. 1. 1. 1. 1. 1.
      1. 1. 1. 1. 1. 1. 1. 1. 1. 1. 1. 1. 1. 1. 1. 1. 1. 1. 1. 1. 1. 1. 1. 1.
      1. 1. 1. 1. 1. 1. 1. 1. 1. 1.
    Virtual:
      0. 0. 0. 0. 0. 0. 0. 0. 0. 0. 0. 0. 0. 0. 0. 0. 0. 0. 0. 0. 0. 0. 0. 0.
      0. 0. 0. 0. 0. 0. 0. 0. 0. 0. 0. 0. 0. 0. 0. 0. 0. 0. 0. 0. 0. 0. 0. 0.
      0. 0. 0. 0. 0. 0. 0. 0. 0. 0. 0. 0. 0. 0. 0. 0. 0. 0. 0. 0. 0. 0. 0. 0.
      0. 0. 0. 0. 0. 0. 0. 0. 0. 0. 0. 0. 0. 0. 0. 0. 0. 0. 0. 0. 0. 0. 0. 0.
      0. 0. 0. 0. 0. 0. 0. 0. 0. 0. 0. 0. 0. 0. 0. 0. 0. 0. 0. 0. 0. 0. 0. 0.
      0. 0. 0. 0. 0. 0. 0. 0. 0. 0. 0. 0. 0. 0. 0. 0. 0. 0. 0. 0. 0. 0. 0. 0.
      0. 0. 0. 0. 0. 0. 0. 0. 0. 0. 0. 0. 0. 0. 0. 0. 0. 0. 0. 0. 0. 0. 0. 0.
      0. 0. 0. 0. 0. 0. 0. 0. 0. 0. 0. 0. 0. 0. 0. 0. 0. 0. 0. 0. 0. 0. 0. 0.
      0. 0. 0. 0. 
  Rank-m Krylov subspace approximation error: 0.012099373053228007 

step: 9
  Orbital energies (eV):
    Occupied:
      -45.6495  -45.53086 -45.18453 -45.0268  -44.51745 -44.25302 -44.22154
      -44.07824 -43.86549 -43.58096 -43.10615 -42.94005 -42.69828 -42.36956
      -41.72235 -41.56993 -41.11096 -41.00122 -40.71006 -40.5794  -40.08252
      -40.0386  -40.0188  -39.98628 -39.17115 -38.96047 -38.06119 -37.94206
      -37.85064 -37.48701 -37.42846 -37.31167 -36.63436 -36.56892 -35.8453
      -35.63206 -35.04521 -34.84919 -34.59696 -34.3777  -33.88831 -33.71577
      -33.40268 -33.28227 -31.67939 -31.58884 -31.21597 -31.1821  -31.17351
      -30.885   -30.15973 -30.01916 -29.97026 -29.77148 -29.086   -28.84558
      -28.16716 -27.86529 -27.58097 -27.48252 -27.21799 -27.09759 -26.77014
      -26.63554 -26.17016 -26.15048 -26.06857 -26.00684 -25.79248 -25.62919
      -25.53544 -25.38277 -25.02408 -24.85547 -24.81096 -24.62898 -24.55931
      -24.3342  -24.22638 -24.11391 -24.08841 -23.83232 -23.72685 -23.69526
      -23.05035 -22.95201 -22.81402 -22.65887 -22.26292 -22.2449  -22.17475
      -22.07836 -22.02136 -21.999   -21.75497 -21.69642 -21.62902 -21.52917
      -21.46797 -21.42177 -21.22476 -21.19558 -21.13844 -21.06146 -20.8241
      -20.64123 -20.42802 -20.34188 -20.16701 -20.11509 -20.09346 -20.05421
      -19.97967 -19.92343 -19.85826 -19.74134 -19.72326 -19.57688 -19.55222
      -19.42869 -19.40695 -19.30877 -19.16012 -19.15624 -19.11775 -19.07608
      -19.00321 -18.97521 -18.90851 -18.83902 -18.77465 -18.70319 -18.56784
      -18.5369  -18.49945 -18.45177 -18.42789 -18.3878  -18.35071 -18.33505
      -18.21422 -18.18257 -18.15394 -18.06411 -18.01481 -17.97449 -17.96252
      -17.89342 -17.8538  -17.81476 -17.79817 -17.69287 -17.66518 -17.56352
      -17.48242 -17.39377 -17.36879 -17.33013 -17.30847 -17.26791 -17.23761
      -17.21719 -17.17458 -17.12587 -17.08108 -17.03678 -17.02434 -16.94952
      -16.74714 -16.72184 -16.67766 -16.61826 -16.56164 -16.45874 -16.42031
      -16.38868 -16.368   -16.35875 -16.26484 -16.19196 -16.16551 -16.11155
      -16.0781  -16.02876 -15.97254 -15.92139 -15.89517 -15.8721  -15.74625
      -15.73794 -15.69579 -15.66936 -15.64826 -15.58684 -15.57075 -15.54476
      -15.51924 -15.48288 -15.47398 -15.36058 -15.33318 -15.1979  -15.15281
      -15.14734 -15.09143 -15.05805 -15.03355 -14.95845 -14.8916  -14.82579
      -14.82459 -14.76751 -14.32663 -14.22421 -14.18338 -14.14819 -14.12273
      -14.07263 -14.06234 -14.0274  -13.85066 -13.83939 -13.74856 -13.72552
      -13.69239 -13.61878
    Virtual:
      -4.0647  -3.9763  -3.83587 -3.81072 -3.65595 -3.64132 -3.36355 -3.28544
      -3.16293 -3.13576 -3.05854 -2.92386 -2.83087 -2.7981  -2.51275 -2.47888
      -2.45184 -2.39963 -2.33913 -2.2348  -2.10491 -2.06941 -1.95353 -1.92149
      -1.87088 -1.77183 -1.67818 -1.64711 -1.6169  -1.60831 -1.5898  -1.55832
      -1.52758 -1.51348 -1.24303 -1.12572 -1.06954 -1.05935 -0.9838  -0.96279
      -0.87502 -0.83649 -0.82857 -0.81054 -0.76    -0.74704 -0.72133 -0.68182
      -0.66063 -0.6479  -0.60409 -0.54147 -0.51075 -0.47406 -0.46847 -0.43501
      -0.41412 -0.41239 -0.3832  -0.37626 -0.36509 -0.33397 -0.30166 -0.28628
      -0.26146 -0.25739 -0.23108 -0.22927 -0.2224  -0.19375 -0.19144 -0.18595
      -0.17173 -0.13426 -0.10611 -0.08866 -0.0703  -0.06504 -0.0599  -0.04277
      -0.01157  0.00689  0.04601  0.05724  0.08133  0.10208  0.11739  0.13845
       0.23607  0.23921  0.25214  0.25909  0.26474  0.26714  0.30776  0.32599
       0.3431   0.35687  0.37017  0.38376  0.41379  0.42307  0.42445  0.44783
       0.47847  0.49756  0.52468  0.52697  0.53484  0.56281  0.59931  0.61173
       0.66468  0.76108  0.77147  0.78338  0.78954  0.79191  0.80058  0.80507
       0.83266  0.85121  0.88593  0.9203   0.9413   0.96595  0.97354  0.97515
       0.978    1.00784  1.01695  1.02705  1.05291  1.06486  1.1115   1.14367
       1.16024  1.17356  1.22306  1.23803  1.24704  1.26459  1.26987  1.28444
       1.28709  1.30246  1.30312  1.30535  1.30877  1.33537  1.3464   1.35532
       1.3742   1.38798  1.41329  1.41979  1.42389  1.44061  1.46037  1.48511
       1.56805  1.57045  1.61864  1.63893  1.66351  1.68317  1.71839  1.72428
       1.728    1.76032  1.78531  1.81406  1.87379  1.8876   1.96909  2.00549
       2.03166  2.05471  2.07462  2.12079  2.13769  2.1827   2.25094  2.29728
       2.51953  2.537    2.55409  2.60003  2.6463   2.67888  2.8154   2.9143
       3.04729  3.0964   3.27749  3.2914  
  dipole(x,y,z):  0.691834 -1.77912   1.164039 
  Electronic entropy contribution (eV): -0.0 
  Fermi occupancies:
    Occupied:
      1. 1. 1. 1. 1. 1. 1. 1. 1. 1. 1. 1. 1. 1. 1. 1. 1. 1. 1. 1. 1. 1. 1. 1.
      1. 1. 1. 1. 1. 1. 1. 1. 1. 1. 1. 1. 1. 1. 1. 1. 1. 1. 1. 1. 1. 1. 1. 1.
      1. 1. 1. 1. 1. 1. 1. 1. 1. 1. 1. 1. 1. 1. 1. 1. 1. 1. 1. 1. 1. 1. 1. 1.
      1. 1. 1. 1. 1. 1. 1. 1. 1. 1. 1. 1. 1. 1. 1. 1. 1. 1. 1. 1. 1. 1. 1. 1.
      1. 1. 1. 1. 1. 1. 1. 1. 1. 1. 1. 1. 1. 1. 1. 1. 1. 1. 1. 1. 1. 1. 1. 1.
      1. 1. 1. 1. 1. 1. 1. 1. 1. 1. 1. 1. 1. 1. 1. 1. 1. 1. 1. 1. 1. 1. 1. 1.
      1. 1. 1. 1. 1. 1. 1. 1. 1. 1. 1. 1. 1. 1. 1. 1. 1. 1. 1. 1. 1. 1. 1. 1.
      1. 1. 1. 1. 1. 1. 1. 1. 1. 1. 1. 1. 1. 1. 1. 1. 1. 1. 1. 1. 1. 1. 1. 1.
      1. 1. 1. 1. 1. 1. 1. 1. 1. 1. 1. 1. 1. 1. 1. 1. 1. 1. 1. 1. 1. 1. 1. 1.
      1. 1. 1. 1. 1. 1. 1. 1. 1. 1.
    Virtual:
      0. 0. 0. 0. 0. 0. 0. 0. 0. 0. 0. 0. 0. 0. 0. 0. 0. 0. 0. 0. 0. 0. 0. 0.
      0. 0. 0. 0. 0. 0. 0. 0. 0. 0. 0. 0. 0. 0. 0. 0. 0. 0. 0. 0. 0. 0. 0. 0.
      0. 0. 0. 0. 0. 0. 0. 0. 0. 0. 0. 0. 0. 0. 0. 0. 0. 0. 0. 0. 0. 0. 0. 0.
      0. 0. 0. 0. 0. 0. 0. 0. 0. 0. 0. 0. 0. 0. 0. 0. 0. 0. 0. 0. 0. 0. 0. 0.
      0. 0. 0. 0. 0. 0. 0. 0. 0. 0. 0. 0. 0. 0. 0. 0. 0. 0. 0. 0. 0. 0. 0. 0.
      0. 0. 0. 0. 0. 0. 0. 0. 0. 0. 0. 0. 0. 0. 0. 0. 0. 0. 0. 0. 0. 0. 0. 0.
      0. 0. 0. 0. 0. 0. 0. 0. 0. 0. 0. 0. 0. 0. 0. 0. 0. 0. 0. 0. 0. 0. 0. 0.
      0. 0. 0. 0. 0. 0. 0. 0. 0. 0. 0. 0. 0. 0. 0. 0. 0. 0. 0. 0. 0. 0. 0. 0.
      0. 0. 0. 0. 
  Rank-m Krylov subspace approximation error: 0.0063758410036437565 

step: 10
  Orbital energies (eV):
    Occupied:
      -45.64899 -45.52638 -45.18545 -45.02804 -44.51327 -44.25211 -44.22216
      -44.07148 -43.85524 -43.57496 -43.10382 -42.9378  -42.69452 -42.36593
      -41.71928 -41.5672  -41.10632 -40.99754 -40.7101  -40.57783 -40.08122
      -40.03444 -40.01406 -39.97413 -39.16713 -38.96271 -38.06189 -37.94062
      -37.85174 -37.48607 -37.40974 -37.29734 -36.63313 -36.56257 -35.85721
      -35.6193  -35.04348 -34.84674 -34.59807 -34.37882 -33.88962 -33.71445
      -33.39957 -33.27877 -31.6784  -31.58766 -31.21737 -31.18185 -31.16867
      -30.8778  -30.15654 -30.01245 -29.96796 -29.76544 -29.08096 -28.84023
      -28.16334 -27.86097 -27.57853 -27.47574 -27.21489 -27.08943 -26.76491
      -26.63315 -26.16562 -26.14801 -26.06467 -26.00182 -25.79397 -25.62804
      -25.53608 -25.38261 -25.0291  -24.85079 -24.8096  -24.62595 -24.56
      -24.34077 -24.22429 -24.11756 -24.0932  -23.81654 -23.72847 -23.69005
      -23.04886 -22.95171 -22.81206 -22.65648 -22.25931 -22.24448 -22.17205
      -22.08114 -22.0127  -21.99584 -21.75469 -21.69218 -21.62529 -21.52472
      -21.46562 -21.41922 -21.22353 -21.19337 -21.13501 -21.05959 -20.82471
      -20.63749 -20.42847 -20.33756 -20.16601 -20.11572 -20.09074 -20.05212
      -19.97719 -19.92019 -19.85974 -19.73846 -19.72119 -19.57469 -19.5502
      -19.42663 -19.40614 -19.30617 -19.15772 -19.1512  -19.11674 -19.07344
      -19.00034 -18.97359 -18.90765 -18.83943 -18.77362 -18.70403 -18.56848
      -18.53493 -18.49894 -18.45222 -18.42532 -18.38595 -18.34282 -18.33257
      -18.2086  -18.17878 -18.14831 -18.06071 -18.01334 -17.97014 -17.95889
      -17.89063 -17.84981 -17.81256 -17.79761 -17.69217 -17.66361 -17.56693
      -17.48318 -17.38692 -17.36547 -17.32504 -17.30516 -17.26669 -17.23597
      -17.21688 -17.17254 -17.12492 -17.0803  -17.03188 -17.01819 -16.94214
      -16.74662 -16.72366 -16.679   -16.61634 -16.55835 -16.46059 -16.41241
      -16.38724 -16.36406 -16.35617 -16.25821 -16.18737 -16.16905 -16.10848
      -16.072   -16.02263 -15.96542 -15.91595 -15.88977 -15.87246 -15.74155
      -15.73392 -15.69547 -15.66862 -15.64379 -15.58018 -15.57029 -15.54122
      -15.52043 -15.47837 -15.47151 -15.35094 -15.32341 -15.19788 -15.15136
      -15.14514 -15.08257 -15.05411 -15.02202 -14.95223 -14.89224 -14.83176
      -14.82676 -14.766   -14.32993 -14.21967 -14.17966 -14.14567 -14.12193
      -14.07202 -14.05901 -14.02704 -13.84987 -13.83777 -13.7489  -13.72518
      -13.69149 -13.61795
    Virtual:
      -4.06477 -3.97209 -3.83413 -3.80728 -3.65663 -3.64001 -3.36795 -3.28143
      -3.15793 -3.1303  -3.06707 -2.92021 -2.83661 -2.79959 -2.51406 -2.47742
      -2.45431 -2.39939 -2.34085 -2.23362 -2.10681 -2.07061 -1.96319 -1.92432
      -1.87172 -1.7691  -1.67753 -1.64366 -1.61339 -1.60599 -1.58778 -1.55789
      -1.53055 -1.51531 -1.24295 -1.12172 -1.07076 -1.06139 -0.98763 -0.95904
      -0.87018 -0.84108 -0.82663 -0.80204 -0.77001 -0.74315 -0.71776 -0.67882
      -0.66368 -0.64862 -0.60032 -0.54247 -0.50955 -0.47723 -0.47062 -0.43217
      -0.4166  -0.41106 -0.3779  -0.37393 -0.36818 -0.33806 -0.30546 -0.28798
      -0.26013 -0.25725 -0.23742 -0.23396 -0.22427 -0.19966 -0.19529 -0.18692
      -0.17303 -0.13424 -0.10753 -0.09344 -0.07227 -0.06522 -0.06054 -0.04007
      -0.01409  0.00706  0.04355  0.05071  0.08348  0.10185  0.1206   0.13642
       0.23965  0.24501  0.25324  0.26462  0.26684  0.26994  0.30986  0.3239
       0.34328  0.35889  0.3686   0.38066  0.41053  0.42023  0.42229  0.44562
       0.48038  0.49545  0.52256  0.52476  0.53551  0.55207  0.59758  0.60477
       0.66195  0.75824  0.77037  0.78189  0.79046  0.79422  0.80077  0.80153
       0.81802  0.85283  0.88309  0.91746  0.93796  0.96367  0.9694   0.97072
       0.97934  0.99851  1.01202  1.02229  1.05157  1.06551  1.10713  1.13963
       1.16449  1.1778   1.21961  1.23753  1.24631  1.26457  1.26838  1.2845
       1.28726  1.30199  1.30261  1.30494  1.30835  1.34046  1.34764  1.35324
       1.37652  1.39001  1.404    1.42314  1.42355  1.43533  1.45942  1.48149
       1.56632  1.57382  1.62207  1.63744  1.66437  1.68672  1.72141  1.72478
       1.73013  1.76331  1.78933  1.81072  1.87306  1.89277  1.96959  2.00857
       2.03535  2.05296  2.07148  2.12543  2.14231  2.195    2.25526  2.30993
       2.51268  2.53571  2.55496  2.6054   2.64992  2.68347  2.81203  2.91538
       3.04532  3.09583  3.27902  3.28865 
  dipole(x,y,z):  0.693386 -1.777655  1.160318 
  Electronic entropy contribution (eV): -0.0 
  Fermi occupancies:
    Occupied:
      1. 1. 1. 1. 1. 1. 1. 1. 1. 1. 1. 1. 1. 1. 1. 1. 1. 1. 1. 1. 1. 1. 1. 1.
      1. 1. 1. 1. 1. 1. 1. 1. 1. 1. 1. 1. 1. 1. 1. 1. 1. 1. 1. 1. 1. 1. 1. 1.
      1. 1. 1. 1. 1. 1. 1. 1. 1. 1. 1. 1. 1. 1. 1. 1. 1. 1. 1. 1. 1. 1. 1. 1.
      1. 1. 1. 1. 1. 1. 1. 1. 1. 1. 1. 1. 1. 1. 1. 1. 1. 1. 1. 1. 1. 1. 1. 1.
      1. 1. 1. 1. 1. 1. 1. 1. 1. 1. 1. 1. 1. 1. 1. 1. 1. 1. 1. 1. 1. 1. 1. 1.
      1. 1. 1. 1. 1. 1. 1. 1. 1. 1. 1. 1. 1. 1. 1. 1. 1. 1. 1. 1. 1. 1. 1. 1.
      1. 1. 1. 1. 1. 1. 1. 1. 1. 1. 1. 1. 1. 1. 1. 1. 1. 1. 1. 1. 1. 1. 1. 1.
      1. 1. 1. 1. 1. 1. 1. 1. 1. 1. 1. 1. 1. 1. 1. 1. 1. 1. 1. 1. 1. 1. 1. 1.
      1. 1. 1. 1. 1. 1. 1. 1. 1. 1. 1. 1. 1. 1. 1. 1. 1. 1. 1. 1. 1. 1. 1. 1.
      1. 1. 1. 1. 1. 1. 1. 1. 1. 1.
    Virtual:
      0. 0. 0. 0. 0. 0. 0. 0. 0. 0. 0. 0. 0. 0. 0. 0. 0. 0. 0. 0. 0. 0. 0. 0.
      0. 0. 0. 0. 0. 0. 0. 0. 0. 0. 0. 0. 0. 0. 0. 0. 0. 0. 0. 0. 0. 0. 0. 0.
      0. 0. 0. 0. 0. 0. 0. 0. 0. 0. 0. 0. 0. 0. 0. 0. 0. 0. 0. 0. 0. 0. 0. 0.
      0. 0. 0. 0. 0. 0. 0. 0. 0. 0. 0. 0. 0. 0. 0. 0. 0. 0. 0. 0. 0. 0. 0. 0.
      0. 0. 0. 0. 0. 0. 0. 0. 0. 0. 0. 0. 0. 0. 0. 0. 0. 0. 0. 0. 0. 0. 0. 0.
      0. 0. 0. 0. 0. 0. 0. 0. 0. 0. 0. 0. 0. 0. 0. 0. 0. 0. 0. 0. 0. 0. 0. 0.
      0. 0. 0. 0. 0. 0. 0. 0. 0. 0. 0. 0. 0. 0. 0. 0. 0. 0. 0. 0. 0. 0. 0. 0.
      0. 0. 0. 0. 0. 0. 0. 0. 0. 0. 0. 0. 0. 0. 0. 0. 0. 0. 0. 0. 0. 0. 0. 0.
      0. 0. 0. 0. 
  Rank-m Krylov subspace approximation error: 0.008213722290782873 
